,replicable_funds,un_replicable_funds
2006-01-25 00:00:00.005,,
2006-02-28 00:00:00.005,,
2006-03-31 00:00:00.005,,
2006-04-28 00:00:00.005,,
2006-05-31 00:00:00.005,,
2006-06-30 00:00:00.005,,
2006-07-31 00:00:00.005,,
2006-08-31 00:00:00.005,,
2006-09-29 00:00:00.005,"[110001.OF, 121002.OF, 000011.OF, 050004.OF, 162201.OF, 000001.OF]","[161605.OF, 160603.OF, 202001.OF, 288001.OF, 070006.OF, 090001.OF]"
2006-10-31 00:00:00.005,"[110001.OF, 121002.OF, 000011.OF, 050004.OF, 000001.OF, 162201.OF]","[160603.OF, 202001.OF, 161605.OF, 288001.OF, 090001.OF, 398001.OF]"
2006-11-30 00:00:00.005,"[160505.OF, 121002.OF, 000011.OF, 050004.OF, 000001.OF, 162201.OF]","[160603.OF, 213002.OF, 161605.OF, 202001.OF, 290002.OF, 288001.OF]"
2006-12-29 00:00:00.005,"[160505.OF, 217001.OF, 162201.OF, 121002.OF, 000001.OF, 050004.OF]","[202001.OF, 160603.OF, 090001.OF, 151001.OF, 290002.OF, 213002.OF]"
2007-01-31 00:00:00.005,"[020001.OF, 161601.OF, 050001.OF, 161606.OF, 000001.OF, 050004.OF]","[202001.OF, 160603.OF, 162102.OF, 090001.OF, 162703.OF, 290002.OF]"
2007-02-28 00:00:00.005,"[100016.OF, 161605.OF, 163801.OF, 070001.OF, 320001.OF, 050004.OF]","[151001.OF, 290002.OF, 375010.OF, 090004.OF, 160603.OF, 020003.OF]"
2007-03-30 00:00:00.005,"[202001.OF, 100016.OF, 161605.OF, 163801.OF, 070001.OF, 320001.OF, 050004.OF]","[151001.OF, 160603.OF, 375010.OF, 020003.OF, 162703.OF, 290002.OF, 090004.OF]"
2007-04-30 00:00:00.005,"[100016.OF, 519087.OF, 163801.OF, 161605.OF, 070001.OF, 320001.OF, 050004.OF]","[151001.OF, 375010.OF, 162703.OF, 160603.OF, 090004.OF, 213002.OF, 020003.OF]"
2007-05-31 00:00:00.005,"[519688.OF, 320001.OF, 163801.OF, 000011.OF, 519087.OF, 161605.OF, 050004.OF]","[162703.OF, 162102.OF, 213002.OF, 160603.OF, 151001.OF, 020003.OF, 080001.OF]"
2007-06-29 00:00:00.005,"[519688.OF, 163801.OF, 202001.OF, 000011.OF, 320001.OF, 519087.OF, 161605.OF, 050004.OF]","[162703.OF, 213002.OF, 162102.OF, 160603.OF, 151001.OF, 481001.OF, 100022.OF, 020003.OF]"
2007-07-31 00:00:00.005,"[050001.OF, 288002.OF, 202001.OF, 000011.OF, 320001.OF, 519087.OF, 161605.OF, 050004.OF]","[020003.OF, 080001.OF, 020005.OF, 100022.OF, 162703.OF, 213002.OF, 020001.OF, 160603.OF]"
2007-08-31 00:00:00.005,"[240004.OF, 320001.OF, 000011.OF, 400003.OF, 202001.OF, 288002.OF, 519087.OF, 050004.OF, 161605.OF]","[020003.OF, 080001.OF, 020005.OF, 100022.OF, 410001.OF, 162703.OF, 151001.OF, 213002.OF, 162102.OF]"
2007-09-28 00:00:00.005,"[160605.OF, 202001.OF, 100016.OF, 400003.OF, 000011.OF, 288002.OF, 519087.OF, 161605.OF, 050004.OF]","[080001.OF, 020003.OF, 100022.OF, 020005.OF, 002001.OF, 151001.OF, 090004.OF, 410001.OF, 510081.OF]"
2007-10-31 00:00:00.005,"[320001.OF, 202001.OF, 100016.OF, 400003.OF, 000011.OF, 288002.OF, 519087.OF, 161605.OF, 050004.OF]","[020003.OF, 080001.OF, 020005.OF, 100022.OF, 002001.OF, 510081.OF, 481001.OF, 090004.OF, 020001.OF]"
2007-11-30 00:00:00.005,"[400003.OF, 202001.OF, 288002.OF, 257010.OF, 000011.OF, 519087.OF, 160505.OF, 161605.OF, 050004.OF]","[100022.OF, 020003.OF, 020005.OF, 080001.OF, 162102.OF, 481001.OF, 020001.OF, 320003.OF, 257020.OF]"
2007-12-28 00:00:00.005,"[320001.OF, 000011.OF, 257010.OF, 100016.OF, 519087.OF, 202001.OF, 160505.OF, 161605.OF, 050004.OF]","[080001.OF, 020003.OF, 020005.OF, 100022.OF, 020001.OF, 410001.OF, 481001.OF, 090004.OF, 162102.OF]"
2008-01-31 00:00:00.005,"[320001.OF, 000001.OF, 160505.OF, 100016.OF, 163801.OF, 202001.OF, 519087.OF, 050007.OF, 161605.OF, 050004.OF]","[020003.OF, 080001.OF, 100022.OF, 020005.OF, 020001.OF, 481001.OF, 410001.OF, 090004.OF, 090003.OF, 151001.OF]"
2008-02-29 00:00:00.005,"[100016.OF, 000001.OF, 160605.OF, 519087.OF, 163801.OF, 050007.OF, 320001.OF, 202001.OF, 161605.OF, 050004.OF]","[080001.OF, 020003.OF, 020005.OF, 100022.OF, 002001.OF, 090003.OF, 090004.OF, 162202.OF, 450002.OF, 481001.OF]"
2008-03-31 00:00:00.005,"[000001.OF, 160605.OF, 519087.OF, 202002.OF, 320001.OF, 163801.OF, 050007.OF, 202001.OF, 161605.OF, 050004.OF]","[080001.OF, 020003.OF, 020005.OF, 100022.OF, 090003.OF, 090004.OF, 002001.OF, 162202.OF, 450002.OF, 481001.OF]"
2008-04-30 00:00:00.005,"[217001.OF, 240004.OF, 163801.OF, 540002.OF, 519087.OF, 270002.OF, 270006.OF, 160505.OF, 161605.OF, 050004.OF, 050007.OF]","[080001.OF, 481001.OF, 040005.OF, 070001.OF, 162102.OF, 020003.OF, 320003.OF, 398001.OF, 100022.OF, 020005.OF, 450002.OF]"
2008-05-30 00:00:00.005,"[000011.OF, 270002.OF, 270006.OF, 340006.OF, 002021.OF, 240004.OF, 161605.OF, 519087.OF, 160505.OF, 202001.OF, 050004.OF, 050007.OF]","[080001.OF, 040005.OF, 070001.OF, 481001.OF, 162102.OF, 020003.OF, 450002.OF, 320003.OF, 100022.OF, 160607.OF, 483003.OF, 163804.OF]"
2008-06-30 00:00:00.005,"[002001.OF, 240004.OF, 090003.OF, 519087.OF, 100016.OF, 240005.OF, 160505.OF, 519008.OF, 202001.OF, 519688.OF, 163801.OF, 050004.OF, 050007.OF]","[560002.OF, 100026.OF, 260109.OF, 162102.OF, 590001.OF, 040005.OF, 080001.OF, 163804.OF, 550002.OF, 160607.OF, 257020.OF, 483003.OF, 160603.OF]"
2008-07-31 00:00:00.005,"[519087.OF, 002001.OF, 161605.OF, 310308.OF, 240004.OF, 090003.OF, 240005.OF, 160505.OF, 202001.OF, 519008.OF, 519688.OF, 163801.OF, 050004.OF, 050007.OF]","[070011.OF, 481004.OF, 310358.OF, 560002.OF, 320005.OF, 519181.OF, 162208.OF, 000021.OF, 100026.OF, 162102.OF, 121005.OF, 260109.OF, 590001.OF, 202003.OF]"
2008-08-29 00:00:00.005,"[161903.OF, 540002.OF, 000011.OF, 163801.OF, 360001.OF, 270006.OF, 519993.OF, 340006.OF, 519994.OF, 160505.OF, 580002.OF, 160805.OF, 050004.OF, 050007.OF]","[080001.OF, 260109.OF, 560002.OF, 070001.OF, 162202.OF, 100026.OF, 162204.OF, 070006.OF, 050001.OF, 590001.OF, 002001.OF, 070002.OF, 121002.OF, 100020.OF]"
2008-09-26 00:00:00.005,"[519688.OF, 110001.OF, 270006.OF, 340006.OF, 519993.OF, 360001.OF, 161903.OF, 160505.OF, 519994.OF, 580002.OF, 163801.OF, 160805.OF, 050007.OF, 050004.OF]","[080001.OF, 260109.OF, 560002.OF, 162202.OF, 162204.OF, 100026.OF, 590001.OF, 070001.OF, 162006.OF, 070002.OF, 070006.OF, 002001.OF, 050001.OF, 100020.OF]"
2008-10-31 00:00:00.005,"[213003.OF, 100022.OF, 519994.OF, 110001.OF, 320003.OF, 270006.OF, 519688.OF, 580002.OF, 519993.OF, 360001.OF, 161903.OF, 050007.OF, 163801.OF, 160805.OF, 050004.OF]","[080001.OF, 560002.OF, 260109.OF, 450003.OF, 610001.OF, 166001.OF, 002001.OF, 162204.OF, 162202.OF, 070001.OF, 100026.OF, 070006.OF, 070002.OF, 162006.OF, 160610.OF]"
2008-11-28 00:00:00.005,"[519993.OF, 377010.OF, 270002.OF, 519008.OF, 270005.OF, 240009.OF, 340006.OF, 270006.OF, 240004.OF, 161903.OF, 050007.OF, 519688.OF, 360001.OF, 160805.OF, 163801.OF, 050004.OF]","[080001.OF, 530005.OF, 450003.OF, 160610.OF, 560002.OF, 260109.OF, 162102.OF, 233001.OF, 162204.OF, 070001.OF, 320001.OF, 410003.OF, 162202.OF, 050001.OF, 163302.OF, 398021.OF]"
2008-12-31 00:00:00.005,"[360005.OF, 100022.OF, 270001.OF, 270005.OF, 519993.OF, 377010.OF, 240004.OF, 375010.OF, 519688.OF, 161903.OF, 162703.OF, 160805.OF, 320003.OF, 163801.OF, 360001.OF, 050004.OF]","[080001.OF, 519015.OF, 530005.OF, 160610.OF, 450003.OF, 410003.OF, 040007.OF, 162006.OF, 166001.OF, 260109.OF, 050001.OF, 398021.OF, 050008.OF, 162204.OF, 320001.OF, 560002.OF]"
2009-01-23 00:00:00.005,"[377010.OF, 121003.OF, 360005.OF, 310328.OF, 121005.OF, 020009.OF, 270005.OF, 360001.OF, 121002.OF, 375010.OF, 450002.OF, 070003.OF, 000001.OF, 320003.OF, 161903.OF, 162703.OF, 050004.OF]","[080001.OF, 630001.OF, 519015.OF, 160610.OF, 450003.OF, 530005.OF, 410003.OF, 162006.OF, 398021.OF, 040007.OF, 166001.OF, 002001.OF, 050008.OF, 610001.OF, 570001.OF, 217009.OF, 162201.OF]"
2009-02-27 00:00:00.005,"[121003.OF, 121005.OF, 377010.OF, 519017.OF, 519013.OF, 519996.OF, 375010.OF, 260108.OF, 400003.OF, 161903.OF, 320003.OF, 070003.OF, 162703.OF, 000001.OF, 519008.OF, 360001.OF, 050004.OF]","[080001.OF, 162201.OF, 519015.OF, 630001.OF, 560002.OF, 530005.OF, 233001.OF, 160610.OF, 540002.OF, 162204.OF, 040001.OF, 162202.OF, 070002.OF, 070001.OF, 288001.OF, 510081.OF, 202003.OF]"
2009-03-31 00:00:00.005,"[360001.OF, 162703.OF, 121003.OF, 519008.OF, 070003.OF, 161610.OF, 257030.OF, 375010.OF, 160311.OF, 202005.OF, 160910.OF, 240010.OF, 050004.OF, 519994.OF, 020010.OF, 260110.OF, 519694.OF, 200008.OF]","[080001.OF, 519017.OF, 162204.OF, 162201.OF, 162202.OF, 290002.OF, 481001.OF, 070006.OF, 290004.OF, 580002.OF, 070002.OF, 310358.OF, 233001.OF, 270002.OF, 162006.OF, 560002.OF, 090003.OF, 162207.OF]"
2009-04-30 00:00:00.005,"[161610.OF, 519021.OF, 160611.OF, 160910.OF, 519008.OF, 360001.OF, 202005.OF, 121003.OF, 160311.OF, 257030.OF, 240010.OF, 050004.OF, 519994.OF, 375010.OF, 519694.OF, 070003.OF, 260110.OF, 200008.OF]","[080001.OF, 519017.OF, 162204.OF, 162201.OF, 070006.OF, 481001.OF, 070002.OF, 290004.OF, 290002.OF, 070010.OF, 162202.OF, 233001.OF, 630001.OF, 580002.OF, 590002.OF, 162207.OF, 460002.OF, 270002.OF]"
2009-05-27 00:00:00.005,"[519694.OF, 202005.OF, 121003.OF, 020010.OF, 320003.OF, 519021.OF, 160607.OF, 240010.OF, 260101.OF, 050004.OF, 070003.OF, 519087.OF, 257030.OF, 260110.OF, 360001.OF, 375010.OF, 519994.OF, 200008.OF]","[481006.OF, 050007.OF, 162202.OF, 519017.OF, 620001.OF, 162204.OF, 080001.OF, 070002.OF, 580002.OF, 070010.OF, 162207.OF, 070006.OF, 398001.OF, 162203.OF, 481001.OF, 519015.OF, 162209.OF, 290004.OF]"
2009-06-30 00:00:00.005,"[519021.OF, 483003.OF, 320005.OF, 340006.OF, 121002.OF, 160611.OF, 540002.OF, 020009.OF, 519994.OF, 213003.OF, 375010.OF, 200006.OF, 162208.OF, 550002.OF, 260101.OF, 121003.OF, 360001.OF, 200008.OF]","[481006.OF, 050007.OF, 620001.OF, 080001.OF, 090003.OF, 162209.OF, 162203.OF, 233001.OF, 580002.OF, 519017.OF, 290004.OF, 630001.OF, 590002.OF, 290002.OF, 002001.OF, 398011.OF, 000031.OF, 070010.OF]"
2009-07-31 00:00:00.005,"[160603.OF, 162703.OF, 519021.OF, 530005.OF, 202002.OF, 320003.OF, 260108.OF, 260101.OF, 121002.OF, 519994.OF, 000011.OF, 020009.OF, 550002.OF, 020010.OF, 360001.OF, 162208.OF, 121003.OF, 375010.OF, 020003.OF]","[481006.OF, 070099.OF, 162209.OF, 620001.OF, 580002.OF, 110029.OF, 233001.OF, 070001.OF, 519017.OF, 070010.OF, 162202.OF, 162203.OF, 290002.OF, 260109.OF, 290004.OF, 519039.OF, 460001.OF, 000031.OF, 398011.OF]"
2009-08-31 00:00:00.005,"[020009.OF, 519018.OF, 270002.OF, 360001.OF, 375010.OF, 121003.OF, 260101.OF, 202002.OF, 162208.OF, 320001.OF, 550002.OF, 310328.OF, 310358.OF, 240004.OF, 530005.OF, 260108.OF, 000011.OF, 020005.OF, 020003.OF]","[481006.OF, 160314.OF, 070099.OF, 070010.OF, 233001.OF, 070001.OF, 519015.OF, 162203.OF, 162209.OF, 519011.OF, 110029.OF, 162102.OF, 260109.OF, 580002.OF, 377020.OF, 519039.OF, 519017.OF, 050007.OF, 290002.OF]"
2009-09-30 00:00:00.005,"[180001.OF, 121003.OF, 320001.OF, 360001.OF, 020009.OF, 260110.OF, 050201.OF, 519181.OF, 121008.OF, 240004.OF, 202007.OF, 260101.OF, 519005.OF, 530005.OF, 020010.OF, 020003.OF, 550002.OF, 375010.OF, 020005.OF]","[481006.OF, 070099.OF, 070001.OF, 233001.OF, 110029.OF, 160314.OF, 070010.OF, 560003.OF, 162209.OF, 519017.OF, 110001.OF, 161601.OF, 620001.OF, 580002.OF, 519008.OF, 162102.OF, 288001.OF, 260109.OF, 260104.OF]"
2009-10-30 00:00:00.005,"[257010.OF, 519688.OF, 121008.OF, 217009.OF, 180012.OF, 260110.OF, 519181.OF, 519005.OF, 519021.OF, 360001.OF, 530005.OF, 260101.OF, 180001.OF, 020009.OF, 375010.OF, 020003.OF, 020010.OF, 550002.OF, 020005.OF]","[481006.OF, 070099.OF, 070001.OF, 233001.OF, 519019.OF, 110029.OF, 160314.OF, 070010.OF, 580002.OF, 162209.OF, 519017.OF, 560003.OF, 110001.OF, 162102.OF, 288001.OF, 161601.OF, 519008.OF, 162202.OF, 377020.OF]"
2009-11-30 00:00:00.005,"[519021.OF, 217009.OF, 519005.OF, 202007.OF, 530005.OF, 519181.OF, 519688.OF, 360001.OF, 260110.OF, 375010.OF, 260101.OF, 160910.OF, 020009.OF, 121008.OF, 180001.OF, 020010.OF, 020003.OF, 020005.OF, 550002.OF]","[580003.OF, 213008.OF, 481006.OF, 519110.OF, 202009.OF, 070001.OF, 163805.OF, 233001.OF, 070099.OF, 070010.OF, 560003.OF, 519017.OF, 580002.OF, 110029.OF, 162209.OF, 160314.OF, 519019.OF, 162102.OF, 110001.OF]"
2009-12-31 00:00:00.005,"[161609.OF, 121002.OF, 519996.OF, 320001.OF, 630001.OF, 519005.OF, 080001.OF, 020009.OF, 530005.OF, 257010.OF, 620001.OF, 160610.OF, 260101.OF, 360001.OF, 020010.OF, 519181.OF, 020003.OF, 550002.OF, 020005.OF, 375010.OF]","[340007.OF, 580003.OF, 373020.OF, 213008.OF, 519668.OF, 163805.OF, 202009.OF, 519110.OF, 070099.OF, 481006.OF, 519001.OF, 160314.OF, 070001.OF, 560003.OF, 580002.OF, 340006.OF, 160505.OF, 070002.OF, 233001.OF, 070011.OF]"
2010-01-29 00:00:00.005,"[510081.OF, 320001.OF, 530005.OF, 160610.OF, 519996.OF, 020009.OF, 630001.OF, 519005.OF, 121002.OF, 080001.OF, 260101.OF, 620001.OF, 257010.OF, 360001.OF, 020010.OF, 020005.OF, 550002.OF, 020003.OF, 519181.OF, 375010.OF]","[070013.OF, 400007.OF, 550003.OF, 340007.OF, 580003.OF, 373020.OF, 213008.OF, 519668.OF, 163805.OF, 202009.OF, 519110.OF, 070099.OF, 519001.OF, 560003.OF, 481006.OF, 160314.OF, 070001.OF, 110029.OF, 519008.OF, 070011.OF]"
2010-02-26 00:00:00.005,"[630001.OF, 519994.OF, 360006.OF, 590001.OF, 360007.OF, 257010.OF, 519996.OF, 020003.OF, 161609.OF, 202003.OF, 020009.OF, 040007.OF, 320003.OF, 260101.OF, 020010.OF, 519181.OF, 360001.OF, 020005.OF, 260110.OF, 375010.OF]","[070013.OF, 550003.OF, 400007.OF, 373020.OF, 310368.OF, 213008.OF, 340007.OF, 202011.OF, 580003.OF, 519089.OF, 519668.OF, 163805.OF, 202009.OF, 519110.OF, 070099.OF, 070002.OF, 519008.OF, 070010.OF, 519015.OF, 070011.OF]"
2010-03-31 00:00:00.005,"[519005.OF, 519994.OF, 590002.OF, 360006.OF, 257010.OF, 360007.OF, 040007.OF, 590001.OF, 161609.OF, 020009.OF, 020003.OF, 519996.OF, 202003.OF, 320003.OF, 260101.OF, 020010.OF, 519181.OF, 020005.OF, 360001.OF, 260110.OF, 375010.OF]","[180013.OF, 070013.OF, 481008.OF, 550003.OF, 460005.OF, 450004.OF, 400007.OF, 217010.OF, 373020.OF, 310368.OF, 213008.OF, 202011.OF, 340007.OF, 519089.OF, 660001.OF, 519668.OF, 580003.OF, 163805.OF, 202009.OF, 070099.OF, 519110.OF]"
2010-04-30 00:00:00.005,"[257030.OF, 590001.OF, 630001.OF, 040007.OF, 310308.OF, 360007.OF, 260101.OF, 519181.OF, 202003.OF, 240009.OF, 320003.OF, 020009.OF, 260108.OF, 020005.OF, 620001.OF, 270002.OF, 020010.OF, 375010.OF, 161609.OF, 360001.OF, 260110.OF]","[180013.OF, 070013.OF, 400007.OF, 481008.OF, 217010.OF, 460005.OF, 450004.OF, 550003.OF, 213008.OF, 630002.OF, 162102.OF, 519015.OF, 050010.OF, 310368.OF, 373020.OF, 660001.OF, 340007.OF, 213002.OF, 519089.OF, 580003.OF, 070010.OF]"
2010-05-31 00:00:00.005,"[519688.OF, 375010.OF, 519019.OF, 360007.OF, 217009.OF, 320003.OF, 481006.OF, 481004.OF, 180001.OF, 217001.OF, 121008.OF, 050007.OF, 630001.OF, 519181.OF, 360001.OF, 310308.OF, 270002.OF, 202003.OF, 260108.OF, 161609.OF, 260110.OF, 620001.OF]","[213002.OF, 162102.OF, 213008.OF, 180013.OF, 519015.OF, 257040.OF, 070010.OF, 162201.OF, 519087.OF, 519011.OF, 580001.OF, 070001.OF, 481008.OF, 070013.OF, 519993.OF, 260104.OF, 378010.OF, 320005.OF, 580003.OF, 560003.OF, 070099.OF, 377020.OF]"
2010-06-30 00:00:00.005,"[398011.OF, 519996.OF, 519019.OF, 360007.OF, 320003.OF, 360001.OF, 217009.OF, 121008.OF, 481004.OF, 180001.OF, 217001.OF, 310308.OF, 519181.OF, 630001.OF, 481006.OF, 050007.OF, 270002.OF, 202003.OF, 260108.OF, 161609.OF, 260110.OF, 620001.OF]","[213002.OF, 162102.OF, 213008.OF, 180013.OF, 519015.OF, 257040.OF, 519087.OF, 162201.OF, 070010.OF, 580001.OF, 519011.OF, 378010.OF, 070001.OF, 260104.OF, 320005.OF, 070013.OF, 519993.OF, 070099.OF, 481008.OF, 213003.OF, 410003.OF, 580003.OF]"
2010-07-30 00:00:00.005,"[270002.OF, 310308.OF, 180001.OF, 519019.OF, 519668.OF, 519181.OF, 519688.OF, 050007.OF, 163302.OF, 161609.OF, 481004.OF, 481006.OF, 260108.OF, 161706.OF, 217009.OF, 398011.OF, 110011.OF, 630001.OF, 202003.OF, 260110.OF, 217001.OF, 620001.OF]","[213002.OF, 162102.OF, 213008.OF, 320005.OF, 519015.OF, 260104.OF, 070099.OF, 070010.OF, 519087.OF, 378010.OF, 180013.OF, 519993.OF, 340006.OF, 213003.OF, 580001.OF, 100022.OF, 410003.OF, 257040.OF, 580002.OF, 260109.OF, 121002.OF, 377020.OF]"
2010-08-31 00:00:00.005,"[310308.OF, 080001.OF, 519996.OF, 510081.OF, 550002.OF, 161609.OF, 050001.OF, 519688.OF, 260108.OF, 481004.OF, 163302.OF, 519181.OF, 519019.OF, 217009.OF, 481006.OF, 161706.OF, 630001.OF, 202003.OF, 398011.OF, 260110.OF, 217001.OF, 620001.OF]","[213002.OF, 213008.OF, 162102.OF, 180013.OF, 257040.OF, 320005.OF, 260104.OF, 070099.OF, 519087.OF, 460005.OF, 213003.OF, 519993.OF, 481008.OF, 519015.OF, 070013.OF, 217010.OF, 410003.OF, 070001.OF, 110013.OF, 260109.OF, 378010.OF, 260111.OF]"
2010-09-30 00:00:00.005,"[360006.OF, 257010.OF, 260108.OF, 050001.OF, 050201.OF, 519039.OF, 217009.OF, 151001.OF, 360007.OF, 161903.OF, 260110.OF, 519019.OF, 161706.OF, 398011.OF, 360005.OF, 519181.OF, 519996.OF, 257030.OF, 202003.OF, 620001.OF, 375010.OF, 217001.OF]","[213002.OF, 460005.OF, 213008.OF, 180013.OF, 410001.OF, 260104.OF, 410003.OF, 257040.OF, 519021.OF, 200010.OF, 070099.OF, 110001.OF, 481008.OF, 200006.OF, 519087.OF, 070013.OF, 420003.OF, 217010.OF, 260109.OF, 580002.OF, 257020.OF, 260111.OF]"
2010-10-29 00:00:00.005,"[360007.OF, 050201.OF, 519018.OF, 161610.OF, 360006.OF, 000001.OF, 257010.OF, 180010.OF, 217005.OF, 151001.OF, 260108.OF, 481006.OF, 161609.OF, 161706.OF, 090001.OF, 519019.OF, 519181.OF, 398011.OF, 519996.OF, 360005.OF, 257030.OF, 202003.OF, 217001.OF]","[213002.OF, 180013.OF, 410001.OF, 460005.OF, 070013.OF, 257040.OF, 213008.OF, 200010.OF, 481008.OF, 450004.OF, 100022.OF, 530006.OF, 202007.OF, 580002.OF, 410003.OF, 340006.OF, 260111.OF, 420003.OF, 217010.OF, 260104.OF, 200008.OF, 450002.OF, 110001.OF]"
2010-11-30 00:00:00.005,"[481004.OF, 090004.OF, 260108.OF, 398001.OF, 398011.OF, 217005.OF, 000021.OF, 310368.OF, 519018.OF, 110011.OF, 161609.OF, 519089.OF, 161903.OF, 151001.OF, 288002.OF, 112002.OF, 320001.OF, 110002.OF, 000001.OF, 290002.OF, 217001.OF, 160613.OF, 202003.OF]","[200008.OF, 202007.OF, 340006.OF, 410001.OF, 213002.OF, 375010.OF, 020005.OF, 100022.OF, 200006.OF, 519021.OF, 160505.OF, 360001.OF, 400007.OF, 340007.OF, 260101.OF, 180013.OF, 260104.OF, 050008.OF, 257020.OF, 519087.OF, 160607.OF, 580002.OF, 162605.OF]"
2010-12-31 00:00:00.005,"[090004.OF, 110002.OF, 180010.OF, 290004.OF, 090001.OF, 260108.OF, 000001.OF, 519089.OF, 000021.OF, 519013.OF, 180001.OF, 161609.OF, 398011.OF, 288002.OF, 290002.OF, 151001.OF, 110011.OF, 217001.OF, 202003.OF, 320001.OF, 217005.OF, 161606.OF, 160613.OF]","[375010.OF, 200008.OF, 202007.OF, 100022.OF, 213002.OF, 519185.OF, 180013.OF, 580002.OF, 410001.OF, 620001.OF, 340006.OF, 200010.OF, 200006.OF, 160505.OF, 050008.OF, 162203.OF, 020005.OF, 257020.OF, 519087.OF, 450002.OF, 160607.OF, 400007.OF, 450004.OF]"
2011-01-31 00:00:00.005,"[217009.OF, 310308.OF, 151001.OF, 161605.OF, 180010.OF, 090001.OF, 162202.OF, 110011.OF, 180012.OF, 000021.OF, 290004.OF, 320001.OF, 288002.OF, 519089.OF, 000011.OF, 217001.OF, 070010.OF, 000001.OF, 161606.OF, 519013.OF, 161609.OF, 180001.OF, 217005.OF, 160613.OF]","[620001.OF, 519185.OF, 375010.OF, 202007.OF, 200008.OF, 260111.OF, 213002.OF, 100022.OF, 580001.OF, 540006.OF, 580002.OF, 200010.OF, 340006.OF, 180013.OF, 450007.OF, 460002.OF, 161005.OF, 450002.OF, 481008.OF, 400007.OF, 020005.OF, 257020.OF, 660003.OF, 580003.OF]"
2011-02-28 00:00:00.005,"[270008.OF, 160610.OF, 288002.OF, 090001.OF, 217009.OF, 163801.OF, 161605.OF, 398001.OF, 161606.OF, 217001.OF, 151001.OF, 519089.OF, 290004.OF, 320001.OF, 180010.OF, 000001.OF, 162202.OF, 519013.OF, 180012.OF, 160613.OF, 161609.OF, 070010.OF, 217005.OF, 180001.OF]","[270021.OF, 519185.OF, 202007.OF, 200010.OF, 620001.OF, 375010.OF, 200008.OF, 213002.OF, 180013.OF, 340006.OF, 100022.OF, 210003.OF, 260111.OF, 540006.OF, 481008.OF, 020005.OF, 580002.OF, 580001.OF, 519087.OF, 580003.OF, 450007.OF, 450002.OF, 080001.OF, 660003.OF]"
2011-03-31 00:00:00.005,"[090001.OF, 290002.OF, 202003.OF, 270008.OF, 519089.OF, 161605.OF, 160613.OF, 000001.OF, 151001.OF, 180010.OF, 163801.OF, 110011.OF, 240005.OF, 162202.OF, 310308.OF, 217001.OF, 320001.OF, 217009.OF, 180012.OF, 217005.OF, 519013.OF, 161609.OF, 180001.OF, 070010.OF, 290004.OF]","[270021.OF, 519185.OF, 200010.OF, 200008.OF, 180013.OF, 202007.OF, 620001.OF, 020015.OF, 213002.OF, 375010.OF, 100022.OF, 540006.OF, 210003.OF, 340006.OF, 260111.OF, 519087.OF, 450007.OF, 166005.OF, 080001.OF, 660003.OF, 481008.OF, 160505.OF, 400011.OF, 450002.OF, 360010.OF]"
2011-04-29 00:00:00.005,"[000001.OF, 160610.OF, 217001.OF, 090001.OF, 240001.OF, 519089.OF, 160613.OF, 270002.OF, 070010.OF, 310358.OF, 180010.OF, 398001.OF, 217009.OF, 290006.OF, 162202.OF, 161609.OF, 110011.OF, 310308.OF, 320001.OF, 180012.OF, 519013.OF, 290004.OF, 240005.OF, 180001.OF, 217005.OF]","[090009.OF, 550008.OF, 570005.OF, 460007.OF, 270021.OF, 161810.OF, 519185.OF, 202007.OF, 620001.OF, 200008.OF, 180013.OF, 200010.OF, 398041.OF, 213002.OF, 375010.OF, 100022.OF, 020015.OF, 340006.OF, 162207.OF, 320005.OF, 580002.OF, 540006.OF, 200006.OF, 481008.OF, 519087.OF]"
2011-05-31 00:00:00.005,"[519688.OF, 270006.OF, 110011.OF, 202003.OF, 163801.OF, 288001.OF, 180010.OF, 310358.OF, 160610.OF, 160613.OF, 290006.OF, 240005.OF, 180012.OF, 519013.OF, 310308.OF, 070010.OF, 270002.OF, 161601.OF, 180001.OF, 320001.OF, 217009.OF, 162202.OF, 161605.OF, 290004.OF, 217005.OF, 161609.OF]","[257050.OF, 260112.OF, 090009.OF, 550008.OF, 660004.OF, 206002.OF, 570005.OF, 620004.OF, 270021.OF, 460007.OF, 180013.OF, 519185.OF, 375010.OF, 213002.OF, 200010.OF, 620001.OF, 398041.OF, 161810.OF, 100022.OF, 200008.OF, 202007.OF, 162207.OF, 580002.OF, 257040.OF, 213003.OF, 320005.OF]"
2011-06-30 00:00:00.005,"[519013.OF, 310358.OF, 290004.OF, 110009.OF, 460001.OF, 000001.OF, 202003.OF, 162202.OF, 398001.OF, 180010.OF, 310308.OF, 260110.OF, 270008.OF, 217009.OF, 161601.OF, 270006.OF, 519688.OF, 160610.OF, 163801.OF, 320001.OF, 217005.OF, 180001.OF, 270002.OF, 161609.OF, 161605.OF, 070010.OF]","[257050.OF, 260112.OF, 090009.OF, 550008.OF, 570005.OF, 460007.OF, 660004.OF, 180013.OF, 206002.OF, 620004.OF, 270021.OF, 233006.OF, 160211.OF, 519185.OF, 213002.OF, 375010.OF, 620001.OF, 200010.OF, 213003.OF, 202007.OF, 100022.OF, 161810.OF, 398041.OF, 200008.OF, 080001.OF, 257040.OF]"
2011-07-29 00:00:00.005,"[002001.OF, 162209.OF, 310308.OF, 160311.OF, 002021.OF, 400003.OF, 481004.OF, 320001.OF, 163804.OF, 233001.OF, 270006.OF, 460002.OF, 519698.OF, 163801.OF, 460001.OF, 161601.OF, 161605.OF, 070010.OF, 180001.OF, 162202.OF, 202003.OF, 161609.OF, 217005.OF, 398001.OF, 160610.OF, 270002.OF]","[260112.OF, 257050.OF, 090009.OF, 519987.OF, 550008.OF, 162212.OF, 570005.OF, 460007.OF, 660004.OF, 620004.OF, 540007.OF, 180013.OF, 206002.OF, 166006.OF, 270021.OF, 233006.OF, 160211.OF, 519185.OF, 213002.OF, 375010.OF, 580006.OF, 620001.OF, 161810.OF, 100022.OF, 257040.OF, 213003.OF]"
2011-08-31 00:00:00.005,"[000001.OF, 070011.OF, 020001.OF, 450003.OF, 110009.OF, 161609.OF, 110029.OF, 240008.OF, 320001.OF, 398011.OF, 460002.OF, 040005.OF, 160805.OF, 050010.OF, 257020.OF, 460001.OF, 161605.OF, 161601.OF, 217005.OF, 160610.OF, 202003.OF, 166001.OF, 240011.OF, 519698.OF, 160311.OF, 002021.OF, 002001.OF]","[260112.OF, 519987.OF, 090009.OF, 620004.OF, 550008.OF, 540007.OF, 420005.OF, 080005.OF, 233006.OF, 166006.OF, 162212.OF, 660004.OF, 270021.OF, 257050.OF, 460007.OF, 160211.OF, 620001.OF, 470008.OF, 217013.OF, 570005.OF, 610004.OF, 000061.OF, 166005.OF, 161810.OF, 206002.OF, 580006.OF, 580002.OF]"
2011-09-30 00:00:00.005,"[163805.OF, 340007.OF, 398041.OF, 160603.OF, 519993.OF, 162102.OF, 110001.OF, 240009.OF, 100020.OF, 070003.OF, 161810.OF, 290006.OF, 240008.OF, 270008.OF, 002001.OF, 210003.OF, 410003.OF, 257020.OF, 481004.OF, 320003.OF, 410001.OF, 320001.OF, 240011.OF, 166001.OF, 160613.OF, 233006.OF, 610004.OF]","[070001.OF, 162202.OF, 483003.OF, 260112.OF, 090003.OF, 050201.OF, 162207.OF, 450002.OF, 166006.OF, 481006.OF, 090009.OF, 580002.OF, 310388.OF, 080005.OF, 260111.OF, 550008.OF, 162201.OF, 519017.OF, 121005.OF, 050001.OF, 560002.OF, 162006.OF, 162203.OF, 580003.OF, 160105.OF, 180013.OF, 162204.OF]"
2011-10-31 00:00:00.005,"[660001.OF, 110013.OF, 163805.OF, 070003.OF, 160603.OF, 290006.OF, 217005.OF, 002001.OF, 270008.OF, 519688.OF, 210003.OF, 240009.OF, 257020.OF, 398041.OF, 240004.OF, 481004.OF, 320003.OF, 240008.OF, 110001.OF, 410003.OF, 166001.OF, 410001.OF, 320001.OF, 233006.OF, 240011.OF, 160613.OF, 610004.OF]","[162202.OF, 070001.OF, 483003.OF, 090003.OF, 260112.OF, 050201.OF, 450002.OF, 580002.OF, 481006.OF, 166006.OF, 310388.OF, 162207.OF, 161611.OF, 180013.OF, 080005.OF, 162006.OF, 260111.OF, 121005.OF, 519017.OF, 050001.OF, 560002.OF, 550008.OF, 162201.OF, 162204.OF, 090009.OF, 162203.OF, 160105.OF]"
2011-11-30 00:00:00.005,"[310368.OF, 519089.OF, 200008.OF, 162102.OF, 519015.OF, 400003.OF, 519993.OF, 000061.OF, 240008.OF, 110009.OF, 570001.OF, 360005.OF, 210003.OF, 481004.OF, 100020.OF, 410003.OF, 450003.OF, 519011.OF, 610004.OF, 100026.OF, 360010.OF, 160613.OF, 240011.OF, 320005.OF, 410001.OF, 519688.OF, 121002.OF, 217005.OF]","[166006.OF, 550009.OF, 162207.OF, 260112.OF, 200010.OF, 162202.OF, 162201.OF, 070001.OF, 377530.OF, 620001.OF, 483003.OF, 080005.OF, 620004.OF, 580003.OF, 620005.OF, 519987.OF, 070002.OF, 519115.OF, 090003.OF, 540007.OF, 580002.OF, 260111.OF, 519026.OF, 560002.OF, 162204.OF, 260108.OF, 481006.OF, 090009.OF]"
2011-12-30 00:00:00.005,"[398001.OF, 233001.OF, 121002.OF, 320007.OF, 540006.OF, 161609.OF, 020003.OF, 161810.OF, 161610.OF, 310308.OF, 233006.OF, 040007.OF, 519668.OF, 000021.OF, 373010.OF, 160603.OF, 519670.OF, 360012.OF, 162102.OF, 620005.OF, 481004.OF, 410003.OF, 217005.OF, 270008.OF, 270021.OF, 151001.OF, 610004.OF, 290004.OF]","[180013.OF, 200008.OF, 320011.OF, 257050.OF, 550009.OF, 160607.OF, 090003.OF, 162202.OF, 161606.OF, 519185.OF, 481006.OF, 375010.OF, 200010.OF, 288001.OF, 450002.OF, 519994.OF, 257020.OF, 162703.OF, 530005.OF, 360001.OF, 519093.OF, 240009.OF, 202007.OF, 160311.OF, 560002.OF, 660005.OF, 000011.OF, 360005.OF]"
2012-01-31 00:00:00.005,"[020003.OF, 377010.OF, 180010.OF, 260109.OF, 620004.OF, 161810.OF, 160610.OF, 160910.OF, 162203.OF, 260104.OF, 160603.OF, 400003.OF, 270008.OF, 040007.OF, 162102.OF, 161610.OF, 540006.OF, 519670.OF, 481004.OF, 519668.OF, 360012.OF, 270021.OF, 410003.OF, 620005.OF, 217005.OF, 373010.OF, 610004.OF, 290004.OF, 151001.OF]","[320011.OF, 200008.OF, 180013.OF, 550009.OF, 630006.OF, 257050.OF, 375010.OF, 288001.OF, 398041.OF, 160607.OF, 162202.OF, 233007.OF, 360007.OF, 660005.OF, 530005.OF, 590005.OF, 240009.OF, 360005.OF, 257020.OF, 000011.OF, 202007.OF, 360001.OF, 000001.OF, 100022.OF, 450002.OF, 360010.OF, 070010.OF, 160311.OF, 400007.OF]"
2012-02-29 00:00:00.005,"[162102.OF, 320007.OF, 260104.OF, 160603.OF, 080001.OF, 040007.OF, 160910.OF, 162203.OF, 320001.OF, 379010.OF, 540006.OF, 000021.OF, 400003.OF, 481004.OF, 620004.OF, 360012.OF, 161610.OF, 161609.OF, 217005.OF, 070001.OF, 410003.OF, 270008.OF, 620005.OF, 519668.OF, 373010.OF, 610004.OF, 270021.OF, 290004.OF, 151001.OF]","[200008.OF, 320011.OF, 180013.OF, 162202.OF, 288001.OF, 630006.OF, 550009.OF, 257050.OF, 375010.OF, 160607.OF, 233007.OF, 070010.OF, 398041.OF, 360007.OF, 590005.OF, 360001.OF, 360005.OF, 000011.OF, 530005.OF, 000001.OF, 340006.OF, 202007.OF, 450002.OF, 320005.OF, 257020.OF, 100022.OF, 660005.OF, 400007.OF, 162607.OF]"
2012-03-30 00:00:00.005,"[162204.OF, 180010.OF, 020003.OF, 420003.OF, 160105.OF, 550003.OF, 162203.OF, 519018.OF, 020015.OF, 379010.OF, 162006.OF, 540006.OF, 620005.OF, 410003.OF, 373010.OF, 161610.OF, 360012.OF, 610004.OF, 290004.OF, 160610.OF, 519670.OF, 519068.OF, 270008.OF, 070099.OF, 270021.OF, 400003.OF, 620004.OF, 151001.OF, 519668.OF]","[320011.OF, 200008.OF, 540008.OF, 180013.OF, 375010.OF, 398041.OF, 100022.OF, 000011.OF, 320005.OF, 590005.OF, 288001.OF, 360007.OF, 160607.OF, 233007.OF, 100039.OF, 360001.OF, 360005.OF, 550009.OF, 240009.OF, 530005.OF, 630006.OF, 257050.OF, 360010.OF, 519185.OF, 000001.OF, 400007.OF, 257020.OF, 213002.OF, 162202.OF]"
2012-04-27 00:00:00.005,"[180010.OF, 160105.OF, 162204.OF, 020003.OF, 377020.OF, 420003.OF, 162006.OF, 163801.OF, 620005.OF, 162203.OF, 373010.OF, 020015.OF, 161610.OF, 360012.OF, 519018.OF, 379010.OF, 160610.OF, 580002.OF, 550003.OF, 400003.OF, 290004.OF, 610004.OF, 519670.OF, 270021.OF, 070099.OF, 519068.OF, 270008.OF, 620004.OF, 151001.OF, 519668.OF]","[200008.OF, 320011.OF, 180013.OF, 540008.OF, 398041.OF, 320005.OF, 100022.OF, 360007.OF, 288001.OF, 360005.OF, 000011.OF, 360001.OF, 530005.OF, 360010.OF, 375010.OF, 590005.OF, 257050.OF, 160607.OF, 240009.OF, 213002.OF, 519185.OF, 100039.OF, 000001.OF, 257020.OF, 233007.OF, 450002.OF, 202007.OF, 000061.OF, 100026.OF, 550009.OF]"
2012-05-31 00:00:00.005,"[020015.OF, 112002.OF, 270006.OF, 162006.OF, 519018.OF, 481006.OF, 200006.OF, 550003.OF, 373010.OF, 161610.OF, 121002.OF, 050008.OF, 070099.OF, 240008.OF, 519692.OF, 160910.OF, 160610.OF, 070013.OF, 580002.OF, 270021.OF, 240001.OF, 050004.OF, 519068.OF, 070001.OF, 400003.OF, 570006.OF, 519668.OF, 151001.OF, 620004.OF, 270008.OF]","[398041.OF, 202019.OF, 320011.OF, 519026.OF, 070010.OF, 660006.OF, 233007.OF, 210004.OF, 540008.OF, 000061.OF, 162202.OF, 163406.OF, 162201.OF, 000011.OF, 340007.OF, 161606.OF, 398021.OF, 040004.OF, 000001.OF, 550009.OF, 519181.OF, 450002.OF, 590005.OF, 450004.OF, 519025.OF, 288001.OF, 202007.OF, 100026.OF, 240009.OF, 481008.OF]"
2012-06-29 00:00:00.005,"[240008.OF, 519668.OF, 519018.OF, 377530.OF, 610004.OF, 590005.OF, 570006.OF, 050004.OF, 519694.OF, 378010.OF, 151001.OF, 163804.OF, 460001.OF, 070011.OF, 270006.OF, 160910.OF, 481006.OF, 620004.OF, 050008.OF, 519021.OF, 270008.OF, 070002.OF, 163801.OF, 519068.OF, 162006.OF, 580007.OF, 200006.OF, 020015.OF, 550003.OF, 580002.OF]","[398041.OF, 070010.OF, 162201.OF, 288001.OF, 000001.OF, 162202.OF, 398021.OF, 000011.OF, 161606.OF, 180013.OF, 519026.OF, 240009.OF, 519089.OF, 360010.OF, 360006.OF, 257010.OF, 050007.OF, 320007.OF, 000061.OF, 270007.OF, 202007.OF, 660006.OF, 450004.OF, 630002.OF, 202019.OF, 040004.OF, 519011.OF, 163406.OF, 260111.OF, 160613.OF]"
2012-07-31 00:00:00.005,"[519018.OF, 519692.OF, 270006.OF, 460001.OF, 050008.OF, 240001.OF, 217005.OF, 270001.OF, 610005.OF, 112002.OF, 377020.OF, 070011.OF, 110002.OF, 110029.OF, 240008.OF, 163804.OF, 519068.OF, 290004.OF, 160910.OF, 050001.OF, 519694.OF, 020015.OF, 213003.OF, 163801.OF, 620004.OF, 580007.OF, 590005.OF, 070002.OF, 550003.OF, 378010.OF, 580002.OF]","[210005.OF, 530011.OF, 162201.OF, 240017.OF, 398041.OF, 050007.OF, 070010.OF, 000011.OF, 398021.OF, 000001.OF, 180013.OF, 162202.OF, 161606.OF, 288001.OF, 630002.OF, 240009.OF, 090003.OF, 160613.OF, 519026.OF, 519011.OF, 481008.OF, 270007.OF, 420003.OF, 202007.OF, 660006.OF, 162209.OF, 360006.OF, 360010.OF, 163406.OF, 000061.OF, 257010.OF]"
2012-08-31 00:00:00.005,"[002021.OF, 110002.OF, 112002.OF, 310328.OF, 002001.OF, 610005.OF, 540007.OF, 377020.OF, 460002.OF, 410001.OF, 240008.OF, 161601.OF, 240001.OF, 550008.OF, 550001.OF, 270001.OF, 166006.OF, 378010.OF, 163804.OF, 519694.OF, 519692.OF, 000021.OF, 270006.OF, 070011.OF, 580007.OF, 580002.OF, 270021.OF, 163801.OF, 070002.OF, 550003.OF, 270008.OF]","[050007.OF, 162201.OF, 210005.OF, 288001.OF, 180013.OF, 050018.OF, 470006.OF, 090003.OF, 481008.OF, 000011.OF, 240009.OF, 202007.OF, 162209.OF, 162202.OF, 530011.OF, 070001.OF, 519035.OF, 270007.OF, 020005.OF, 200008.OF, 240017.OF, 100020.OF, 630002.OF, 257010.OF, 162207.OF, 020003.OF, 360006.OF, 202019.OF, 162204.OF, 163406.OF, 690004.OF]"
2012-09-28 00:00:00.005,"[519068.OF, 070011.OF, 270006.OF, 519668.OF, 270001.OF, 161601.OF, 580002.OF, 460002.OF, 202002.OF, 217005.OF, 580001.OF, 202001.OF, 530006.OF, 519018.OF, 460001.OF, 377530.OF, 483003.OF, 550003.OF, 160105.OF, 020015.OF, 320001.OF, 620004.OF, 110029.OF, 240004.OF, 163804.OF, 377020.OF, 050001.OF, 240008.OF, 070002.OF, 213003.OF, 163801.OF, 580007.OF]","[519674.OF, 162201.OF, 210005.OF, 270025.OF, 470006.OF, 162202.OF, 530011.OF, 050018.OF, 050007.OF, 398041.OF, 240017.OF, 000011.OF, 162209.OF, 519181.OF, 630006.OF, 290008.OF, 288001.OF, 180013.OF, 000001.OF, 160613.OF, 090003.OF, 519089.OF, 213008.OF, 398021.OF, 519698.OF, 070010.OF, 163406.OF, 690004.OF, 161606.OF, 240009.OF, 550009.OF, 200008.OF]"
2012-10-31 00:00:00.005,"[050201.OF, 160105.OF, 020015.OF, 202002.OF, 202001.OF, 270008.OF, 151001.OF, 460001.OF, 240001.OF, 240010.OF, 340006.OF, 020010.OF, 161601.OF, 519069.OF, 660005.OF, 481004.OF, 379010.OF, 110022.OF, 660004.OF, 320001.OF, 519013.OF, 580007.OF, 377530.OF, 110029.OF, 610004.OF, 240008.OF, 240004.OF, 050001.OF, 163804.OF, 377020.OF, 163801.OF, 161605.OF]","[519983.OF, 162202.OF, 519674.OF, 290008.OF, 620001.OF, 000011.OF, 398041.OF, 163302.OF, 180013.OF, 210005.OF, 161903.OF, 040004.OF, 470006.OF, 240017.OF, 270002.OF, 161611.OF, 310388.OF, 000001.OF, 590001.OF, 530011.OF, 161606.OF, 070021.OF, 540009.OF, 270025.OF, 288001.OF, 050018.OF, 213008.OF, 240005.OF, 217001.OF, 217010.OF, 519089.OF, 519026.OF]"
2012-11-30 00:00:00.005,"[450003.OF, 460002.OF, 202002.OF, 460001.OF, 162203.OF, 100016.OF, 340006.OF, 483003.OF, 202001.OF, 519013.OF, 519672.OF, 110029.OF, 519018.OF, 160105.OF, 240008.OF, 213003.OF, 580007.OF, 540006.OF, 400003.OF, 151001.OF, 377530.OF, 360012.OF, 610004.OF, 163801.OF, 240004.OF, 519069.OF, 020010.OF, 379010.OF, 377020.OF, 320001.OF, 163804.OF, 481004.OF, 161605.OF]","[519983.OF, 519097.OF, 671010.OF, 162202.OF, 519674.OF, 410009.OF, 160512.OF, 270025.OF, 000011.OF, 166009.OF, 180013.OF, 050008.OF, 161606.OF, 620001.OF, 200008.OF, 050018.OF, 288001.OF, 530011.OF, 162703.OF, 290008.OF, 240017.OF, 110023.OF, 161611.OF, 519698.OF, 590001.OF, 213008.OF, 161903.OF, 070021.OF, 310388.OF, 270002.OF, 470006.OF, 398041.OF, 376510.OF]"
2012-12-31 00:00:00.005,"[213003.OF, 110029.OF, 519035.OF, 100026.OF, 163801.OF, 000021.OF, 377530.OF, 610004.OF, 202002.OF, 550001.OF, 160105.OF, 202001.OF, 340006.OF, 360010.OF, 660003.OF, 100016.OF, 540006.OF, 340007.OF, 570005.OF, 100039.OF, 450009.OF, 020010.OF, 450003.OF, 460002.OF, 163804.OF, 070010.OF, 377020.OF, 379010.OF, 481004.OF, 240004.OF, 320001.OF, 161605.OF, 360012.OF]","[200006.OF, 050008.OF, 200008.OF, 162202.OF, 519983.OF, 162703.OF, 519097.OF, 671010.OF, 070001.OF, 519698.OF, 620006.OF, 288001.OF, 000011.OF, 270025.OF, 161611.OF, 166006.OF, 240005.OF, 580002.OF, 213008.OF, 481006.OF, 519674.OF, 260115.OF, 161606.OF, 180013.OF, 160613.OF, 620001.OF, 110002.OF, 100022.OF, 590001.OF, 162006.OF, 160910.OF, 070013.OF, 519019.OF]"
2013-01-31 00:00:00.005,"[210004.OF, 519095.OF, 481013.OF, 420005.OF, 690005.OF, 180012.OF, 100016.OF, 481010.OF, 121003.OF, 110011.OF, 161605.OF, 163801.OF, 240004.OF, 270008.OF, 519983.OF, 290004.OF, 240017.OF, 519670.OF, 000021.OF, 163804.OF, 270021.OF, 580007.OF, 570006.OF, 620004.OF, 483003.OF, 481004.OF, 166009.OF, 420003.OF, 290006.OF, 290008.OF, 379010.OF, 360012.OF, 450009.OF]","[050008.OF, 162703.OF, 100022.OF, 519698.OF, 200008.OF, 288001.OF, 160607.OF, 470008.OF, 160611.OF, 050201.OF, 166006.OF, 110002.OF, 590001.OF, 160910.OF, 540002.OF, 519019.OF, 112002.OF, 375010.OF, 162202.OF, 160505.OF, 161611.OF, 165508.OF, 481006.OF, 161606.OF, 398011.OF, 620005.OF, 519688.OF, 260110.OF, 233007.OF, 163302.OF, 070011.OF, 519021.OF, 470009.OF]"
2013-02-28 00:00:00.005,"[163406.OF, 162102.OF, 519095.OF, 110022.OF, 162212.OF, 519670.OF, 460005.OF, 210004.OF, 110011.OF, 360012.OF, 481008.OF, 100016.OF, 162201.OF, 460001.OF, 240017.OF, 166009.OF, 481010.OF, 620004.OF, 163804.OF, 290008.OF, 270021.OF, 420003.OF, 020003.OF, 580007.OF, 379010.OF, 000021.OF, 570007.OF, 290004.OF, 450009.OF, 481004.OF, 483003.OF, 290006.OF, 570006.OF, 162207.OF]","[200008.OF, 162703.OF, 050201.OF, 050008.OF, 519698.OF, 100022.OF, 050001.OF, 166006.OF, 540002.OF, 160505.OF, 470008.OF, 160607.OF, 288001.OF, 070011.OF, 590001.OF, 360005.OF, 375010.OF, 070013.OF, 160611.OF, 519694.OF, 165508.OF, 540008.OF, 160512.OF, 070002.OF, 162202.OF, 620005.OF, 160910.OF, 360001.OF, 260112.OF, 110002.OF, 519692.OF, 519688.OF, 519021.OF, 400007.OF]"
2013-03-29 00:00:00.005,"[620004.OF, 000011.OF, 110029.OF, 160211.OF, 519987.OF, 161005.OF, 210004.OF, 180012.OF, 519110.OF, 162212.OF, 260109.OF, 000021.OF, 166005.OF, 213002.OF, 121003.OF, 290008.OF, 020003.OF, 410009.OF, 163406.OF, 320011.OF, 162102.OF, 379010.OF, 519095.OF, 519670.OF, 260104.OF, 450009.OF, 166009.OF, 481004.OF, 570006.OF, 483003.OF, 100016.OF, 290004.OF, 240017.OF, 290006.OF, 162207.OF]","[162703.OF, 050007.OF, 519698.OF, 200008.OF, 160607.OF, 070013.OF, 165508.OF, 160613.OF, 481006.OF, 050008.OF, 180001.OF, 519688.OF, 090015.OF, 260110.OF, 519694.OF, 206002.OF, 270002.OF, 161606.OF, 620005.OF, 550003.OF, 160505.OF, 233007.OF, 110013.OF, 590001.OF, 540002.OF, 519692.OF, 470008.OF, 162202.OF, 070011.OF, 160910.OF, 630006.OF, 090009.OF, 160611.OF, 090003.OF, 378010.OF]"
2013-04-26 00:00:00.005,"[002001.OF, 481010.OF, 110011.OF, 110022.OF, 161005.OF, 420005.OF, 121003.OF, 020003.OF, 620004.OF, 213002.OF, 519095.OF, 163406.OF, 410003.OF, 000031.OF, 260104.OF, 180012.OF, 166005.OF, 320011.OF, 410009.OF, 162102.OF, 290008.OF, 450009.OF, 379010.OF, 481004.OF, 570006.OF, 519670.OF, 270021.OF, 166009.OF, 000021.OF, 483003.OF, 100016.OF, 290004.OF, 240017.OF, 290006.OF, 162207.OF]","[160607.OF, 050007.OF, 200008.OF, 162703.OF, 165508.OF, 160613.OF, 519698.OF, 050008.OF, 160505.OF, 070013.OF, 260110.OF, 620005.OF, 206002.OF, 481006.OF, 233007.OF, 519688.OF, 180001.OF, 360001.OF, 270002.OF, 690004.OF, 090015.OF, 470008.OF, 590001.OF, 630006.OF, 540008.OF, 233001.OF, 540002.OF, 519021.OF, 160910.OF, 519678.OF, 519672.OF, 160611.OF, 519694.OF, 090003.OF, 260111.OF]"
2013-05-31 00:00:00.005,"[379010.OF, 320003.OF, 580007.OF, 166001.OF, 020009.OF, 110022.OF, 310388.OF, 210004.OF, 320011.OF, 180012.OF, 570007.OF, 121003.OF, 290002.OF, 377010.OF, 000031.OF, 162102.OF, 580003.OF, 166005.OF, 519670.OF, 163110.OF, 481010.OF, 240017.OF, 110025.OF, 410009.OF, 110011.OF, 020003.OF, 166009.OF, 290008.OF, 270007.OF, 620004.OF, 000021.OF, 450009.OF, 213002.OF, 290006.OF, 290004.OF, 483003.OF]","[160607.OF, 165508.OF, 519698.OF, 200008.OF, 070013.OF, 162703.OF, 160505.OF, 519688.OF, 540008.OF, 050008.OF, 519692.OF, 166006.OF, 070010.OF, 550003.OF, 090015.OF, 519694.OF, 070011.OF, 160613.OF, 180001.OF, 550009.OF, 590001.OF, 206002.OF, 540002.OF, 700001.OF, 378010.OF, 110013.OF, 620005.OF, 550002.OF, 360005.OF, 162201.OF, 070022.OF, 630006.OF, 050007.OF, 206009.OF, 519704.OF, 162202.OF]"
2013-06-28 00:00:00.005,"[580003.OF, 240010.OF, 519115.OF, 000011.OF, 166001.OF, 519670.OF, 270006.OF, 000031.OF, 320011.OF, 110011.OF, 519702.OF, 270008.OF, 481010.OF, 163110.OF, 590005.OF, 233009.OF, 121003.OF, 162207.OF, 210004.OF, 483003.OF, 166005.OF, 202009.OF, 166009.OF, 162102.OF, 580007.OF, 570007.OF, 270021.OF, 213002.OF, 450009.OF, 290004.OF, 519983.OF, 240017.OF, 270007.OF, 377010.OF, 620004.OF, 000021.OF]","[070010.OF, 070013.OF, 540002.OF, 050008.OF, 165508.OF, 200008.OF, 540008.OF, 070011.OF, 519688.OF, 519698.OF, 160607.OF, 180001.OF, 160505.OF, 110002.OF, 206009.OF, 162703.OF, 050001.OF, 233001.OF, 700001.OF, 112002.OF, 070022.OF, 470009.OF, 519692.OF, 550009.OF, 020023.OF, 050007.OF, 519694.OF, 360005.OF, 460009.OF, 160613.OF, 070002.OF, 610006.OF, 160611.OF, 110013.OF, 590001.OF, 620005.OF]"
2013-07-31 00:00:00.005,"[270021.OF, 213002.OF, 166001.OF, 590005.OF, 162204.OF, 050009.OF, 519983.OF, 000031.OF, 519678.OF, 121003.OF, 519115.OF, 519670.OF, 519099.OF, 240017.OF, 166009.OF, 020005.OF, 180010.OF, 290008.OF, 270008.OF, 398001.OF, 510081.OF, 270002.OF, 580007.OF, 166005.OF, 519039.OF, 570007.OF, 270007.OF, 160805.OF, 233009.OF, 420003.OF, 450009.OF, 290004.OF, 377010.OF, 210004.OF, 000021.OF, 620004.OF]","[730001.OF, 070010.OF, 050001.OF, 110025.OF, 540002.OF, 470009.OF, 070002.OF, 519021.OF, 100039.OF, 481015.OF, 070011.OF, 200008.OF, 070013.OF, 180001.OF, 050008.OF, 240011.OF, 519688.OF, 070001.OF, 360005.OF, 540008.OF, 162703.OF, 110029.OF, 110002.OF, 519698.OF, 020015.OF, 160611.OF, 700001.OF, 070022.OF, 160607.OF, 288001.OF, 020023.OF, 460009.OF, 112002.OF, 233006.OF, 470006.OF, 660010.OF]"
2013-08-30 00:00:00.005,"[570006.OF, 460001.OF, 165512.OF, 510081.OF, 020010.OF, 481013.OF, 166009.OF, 481010.OF, 519039.OF, 270008.OF, 460005.OF, 290004.OF, 202009.OF, 210005.OF, 210004.OF, 360012.OF, 519983.OF, 460002.OF, 580007.OF, 360006.OF, 166001.OF, 166005.OF, 163302.OF, 290008.OF, 519670.OF, 270002.OF, 519678.OF, 519095.OF, 377010.OF, 519099.OF, 519668.OF, 450009.OF, 180010.OF, 570007.OF, 270006.OF, 620004.OF, 000021.OF]","[730001.OF, 070027.OF, 090016.OF, 260116.OF, 540002.OF, 050201.OF, 240011.OF, 110029.OF, 110025.OF, 200008.OF, 070001.OF, 160611.OF, 470009.OF, 050001.OF, 163818.OF, 288001.OF, 481015.OF, 070013.OF, 070002.OF, 100039.OF, 540008.OF, 560003.OF, 160607.OF, 050008.OF, 373020.OF, 519021.OF, 110002.OF, 070011.OF, 290011.OF, 162703.OF, 700001.OF, 070010.OF, 180001.OF, 519688.OF, 020001.OF, 460009.OF, 163503.OF]"
2013-09-30 00:00:00.005,"[166005.OF, 217013.OF, 510081.OF, 519115.OF, 310368.OF, 166009.OF, 163804.OF, 162204.OF, 162102.OF, 580007.OF, 270002.OF, 020010.OF, 210005.OF, 180010.OF, 420003.OF, 519099.OF, 519089.OF, 200012.OF, 163302.OF, 519672.OF, 481010.OF, 270007.OF, 360012.OF, 290004.OF, 519026.OF, 519668.OF, 570007.OF, 519095.OF, 166001.OF, 000031.OF, 620004.OF, 519670.OF, 398001.OF, 450009.OF, 519983.OF, 210004.OF, 377010.OF, 000021.OF]","[730001.OF, 070027.OF, 160607.OF, 050008.OF, 260116.OF, 050201.OF, 090016.OF, 200008.OF, 070010.OF, 070001.OF, 160611.OF, 050001.OF, 110002.OF, 100039.OF, 540002.OF, 070011.OF, 070013.OF, 070002.OF, 160505.OF, 112002.OF, 240011.OF, 163503.OF, 320007.OF, 288001.OF, 398061.OF, 180001.OF, 100022.OF, 202011.OF, 161005.OF, 020001.OF, 519087.OF, 002021.OF, 700001.OF, 560003.OF, 100020.OF, 110013.OF, 090004.OF, 290011.OF]"
2013-10-31 00:00:00.005,"[166009.OF, 162203.OF, 210008.OF, 240010.OF, 519013.OF, 210005.OF, 460001.OF, 121003.OF, 360006.OF, 570007.OF, 519672.OF, 290006.OF, 290004.OF, 310368.OF, 481010.OF, 519089.OF, 162102.OF, 161605.OF, 166005.OF, 519099.OF, 519095.OF, 166001.OF, 200012.OF, 020003.OF, 519983.OF, 151001.OF, 398001.OF, 163818.OF, 377150.OF, 180010.OF, 360012.OF, 450009.OF, 519668.OF, 377010.OF, 020010.OF, 519670.OF, 210004.OF, 580008.OF]","[730001.OF, 070027.OF, 050201.OF, 050001.OF, 050008.OF, 160505.OF, 160607.OF, 200008.OF, 160611.OF, 260116.OF, 070001.OF, 320007.OF, 519979.OF, 110002.OF, 100039.OF, 112002.OF, 050010.OF, 166006.OF, 519087.OF, 288001.OF, 540002.OF, 070010.OF, 110013.OF, 163503.OF, 519093.OF, 162207.OF, 163805.OF, 373020.OF, 162208.OF, 180001.OF, 260112.OF, 200006.OF, 240008.OF, 100022.OF, 110029.OF, 162209.OF, 580002.OF, 090015.OF]"
2013-11-29 00:00:00.005,"[360006.OF, 519099.OF, 360012.OF, 481008.OF, 165512.OF, 210005.OF, 160613.OF, 360010.OF, 090007.OF, 460001.OF, 481015.OF, 450009.OF, 519702.OF, 260110.OF, 630001.OF, 166801.OF, 398011.OF, 121003.OF, 270028.OF, 519668.OF, 162102.OF, 020003.OF, 310368.OF, 163818.OF, 377010.OF, 710001.OF, 519670.OF, 161605.OF, 740001.OF, 050009.OF, 580008.OF, 519672.OF, 151001.OF, 090009.OF, 166001.OF, 180010.OF, 377150.OF, 020010.OF]","[730001.OF, 050201.OF, 070027.OF, 050001.OF, 200006.OF, 320007.OF, 260116.OF, 166006.OF, 519979.OF, 160505.OF, 399011.OF, 160607.OF, 470006.OF, 110023.OF, 070001.OF, 240020.OF, 050008.OF, 200010.OF, 519093.OF, 162207.OF, 110025.OF, 519087.OF, 110029.OF, 660010.OF, 161005.OF, 460009.OF, 100039.OF, 377240.OF, 070010.OF, 050010.OF, 202005.OF, 260112.OF, 121008.OF, 160611.OF, 090016.OF, 290002.OF, 690007.OF, 100020.OF]"
2013-12-31 00:00:00.005,"[530005.OF, 070017.OF, 121003.OF, 257030.OF, 040008.OF, 163406.OF, 080005.OF, 202009.OF, 310368.OF, 519095.OF, 050009.OF, 519005.OF, 550001.OF, 166005.OF, 110009.OF, 519013.OF, 233001.OF, 360007.OF, 257050.OF, 020010.OF, 161810.OF, 206002.OF, 550002.OF, 161706.OF, 050014.OF, 580001.OF, 360006.OF, 519672.OF, 217012.OF, 519099.OF, 165512.OF, 151001.OF, 160910.OF, 270025.OF, 400003.OF, 550009.OF, 530006.OF, 519097.OF, 519702.OF]","[110023.OF, 200006.OF, 162207.OF, 690007.OF, 110025.OF, 470006.OF, 398061.OF, 730001.OF, 110001.OF, 460007.OF, 162208.OF, 399011.OF, 519021.OF, 519979.OF, 070001.OF, 540010.OF, 360010.OF, 162201.OF, 240020.OF, 580002.OF, 410001.OF, 580003.OF, 671010.OF, 580007.OF, 270007.OF, 002021.OF, 020015.OF, 090015.OF, 519115.OF, 162209.OF, 206012.OF, 377240.OF, 630010.OF, 288001.OF, 260116.OF, 570006.OF, 070027.OF, 162006.OF, 270021.OF]"
2014-01-30 00:00:00.005,"[290004.OF, 166005.OF, 202009.OF, 550001.OF, 040007.OF, 040011.OF, 161610.OF, 020010.OF, 530011.OF, 163406.OF, 580006.OF, 310368.OF, 257050.OF, 519099.OF, 161706.OF, 360016.OF, 519005.OF, 530005.OF, 519013.OF, 360006.OF, 050014.OF, 070017.OF, 519018.OF, 161810.OF, 550002.OF, 580001.OF, 040016.OF, 166006.OF, 400003.OF, 233001.OF, 530006.OF, 270025.OF, 165512.OF, 151001.OF, 160910.OF, 206002.OF, 550009.OF, 519097.OF, 519672.OF, 519702.OF]","[110023.OF, 162207.OF, 690007.OF, 110025.OF, 470006.OF, 166011.OF, 519979.OF, 519021.OF, 398061.OF, 160611.OF, 580003.OF, 110001.OF, 360010.OF, 200006.OF, 730001.OF, 399011.OF, 460007.OF, 002021.OF, 540010.OF, 240020.OF, 690004.OF, 080012.OF, 162208.OF, 070011.OF, 020015.OF, 288001.OF, 519115.OF, 162209.OF, 270007.OF, 630010.OF, 162201.OF, 000011.OF, 002001.OF, 121005.OF, 483003.OF, 580002.OF, 377020.OF, 090015.OF, 690005.OF, 110013.OF]"
2014-02-28 00:00:00.005,"[260101.OF, 163406.OF, 519993.OF, 020023.OF, 360007.OF, 050004.OF, 519001.OF, 270025.OF, 160605.OF, 233001.OF, 257010.OF, 519670.OF, 257050.OF, 257020.OF, 162202.OF, 257030.OF, 020010.OF, 360016.OF, 202009.OF, 550002.OF, 550009.OF, 160127.OF, 481004.OF, 206002.OF, 151001.OF, 360006.OF, 519008.OF, 050009.OF, 040016.OF, 050014.OF, 040005.OF, 550001.OF, 519018.OF, 160910.OF, 290004.OF, 519672.OF, 519095.OF, 165512.OF, 519099.OF, 519702.OF]","[519021.OF, 020015.OF, 110001.OF, 730001.OF, 399011.OF, 202007.OF, 070010.OF, 580003.OF, 540010.OF, 398061.OF, 166011.OF, 229002.OF, 690007.OF, 110023.OF, 070001.OF, 002021.OF, 110025.OF, 700001.OF, 320001.OF, 162207.OF, 660012.OF, 240008.OF, 070002.OF, 160611.OF, 519019.OF, 070011.OF, 162208.OF, 320007.OF, 270041.OF, 690004.OF, 460007.OF, 161903.OF, 070022.OF, 070027.OF, 162214.OF, 080012.OF, 110029.OF, 690005.OF, 163804.OF, 360010.OF]"
2014-03-31 00:00:00.005,"[202009.OF, 519013.OF, 166001.OF, 310368.OF, 519670.OF, 260101.OF, 100060.OF, 233001.OF, 180010.OF, 519987.OF, 160605.OF, 000021.OF, 206002.OF, 257020.OF, 020023.OF, 050014.OF, 270025.OF, 481004.OF, 270008.OF, 360006.OF, 270002.OF, 550002.OF, 020010.OF, 620006.OF, 550009.OF, 050009.OF, 162202.OF, 160910.OF, 151001.OF, 550001.OF, 360016.OF, 519018.OF, 040005.OF, 519095.OF, 519008.OF, 290004.OF, 160127.OF, 519672.OF, 165512.OF, 519702.OF, 519099.OF]","[730001.OF, 519021.OF, 320007.OF, 020015.OF, 202007.OF, 070010.OF, 398061.OF, 580003.OF, 540010.OF, 320001.OF, 110001.OF, 690007.OF, 070027.OF, 161903.OF, 166011.OF, 110023.OF, 700001.OF, 070001.OF, 162207.OF, 090015.OF, 690004.OF, 070002.OF, 320005.OF, 399011.OF, 519019.OF, 240008.OF, 002021.OF, 070011.OF, 270041.OF, 690005.OF, 229002.OF, 160611.OF, 110029.OF, 162214.OF, 162208.OF, 070022.OF, 360010.OF, 180013.OF, 660012.OF, 460007.OF, 519983.OF]"
2014-04-30 00:00:00.005,"[161706.OF, 257050.OF, 620004.OF, 519013.OF, 000021.OF, 151001.OF, 217012.OF, 519670.OF, 233001.OF, 166001.OF, 290004.OF, 519095.OF, 100060.OF, 590005.OF, 180010.OF, 481004.OF, 550002.OF, 270008.OF, 257030.OF, 020003.OF, 519110.OF, 233007.OF, 162202.OF, 550001.OF, 519150.OF, 020023.OF, 270028.OF, 270002.OF, 360006.OF, 020010.OF, 050009.OF, 519008.OF, 040005.OF, 519018.OF, 160127.OF, 519672.OF, 360016.OF, 257020.OF, 165512.OF, 519099.OF, 519702.OF]","[730001.OF, 050026.OF, 070010.OF, 020015.OF, 519021.OF, 202007.OF, 690007.OF, 398061.OF, 320007.OF, 070027.OF, 121008.OF, 700001.OF, 320001.OF, 519019.OF, 580003.OF, 540010.OF, 483003.OF, 070001.OF, 481006.OF, 240020.OF, 161005.OF, 320005.OF, 161903.OF, 690004.OF, 070002.OF, 688888.OF, 162207.OF, 110001.OF, 399011.OF, 110023.OF, 180013.OF, 690005.OF, 270041.OF, 050201.OF, 166011.OF, 050001.OF, 090015.OF, 320016.OF, 240008.OF, 530003.OF, 162208.OF]"
2014-05-30 00:00:00.005,"[519692.OF, 110015.OF, 260110.OF, 360007.OF, 020003.OF, 257020.OF, 110022.OF, 202011.OF, 100026.OF, 151001.OF, 530006.OF, 620004.OF, 160311.OF, 540009.OF, 519005.OF, 121002.OF, 180010.OF, 270028.OF, 519672.OF, 000021.OF, 160610.OF, 550002.OF, 519068.OF, 270002.OF, 360016.OF, 519013.OF, 550001.OF, 540006.OF, 040008.OF, 160605.OF, 020010.OF, 050009.OF, 360006.OF, 590005.OF, 519099.OF, 070032.OF, 519018.OF, 519008.OF, 040005.OF, 519702.OF, 165512.OF, 160127.OF]","[730001.OF, 580003.OF, 483003.OF, 121008.OF, 202007.OF, 166006.OF, 070010.OF, 320007.OF, 110025.OF, 519994.OF, 320001.OF, 161005.OF, 320005.OF, 481006.OF, 202005.OF, 530003.OF, 050010.OF, 162201.OF, 660010.OF, 540010.OF, 398061.OF, 070027.OF, 020005.OF, 270021.OF, 700003.OF, 090015.OF, 210003.OF, 310388.OF, 161903.OF, 270001.OF, 320003.OF, 050001.OF, 166011.OF, 400007.OF, 050201.OF, 080012.OF, 580006.OF, 610007.OF, 160607.OF, 460009.OF, 310328.OF, 481017.OF]"
2014-06-30 00:00:00.005,"[165508.OF, 160610.OF, 000011.OF, 481004.OF, 519013.OF, 519005.OF, 519672.OF, 519068.OF, 161810.OF, 530006.OF, 020023.OF, 270028.OF, 550002.OF, 180010.OF, 360005.OF, 040008.OF, 550003.OF, 206002.OF, 070032.OF, 000021.OF, 620004.OF, 360016.OF, 121002.OF, 270002.OF, 519692.OF, 360006.OF, 151001.OF, 100026.OF, 202011.OF, 200008.OF, 360007.OF, 519018.OF, 020010.OF, 160605.OF, 519702.OF, 519099.OF, 550001.OF, 590005.OF, 040005.OF, 519008.OF, 165512.OF, 160127.OF]","[730001.OF, 483003.OF, 580003.OF, 166006.OF, 202007.OF, 070010.OF, 121008.OF, 519994.OF, 162201.OF, 700003.OF, 166011.OF, 481006.OF, 080012.OF, 320001.OF, 161005.OF, 530019.OF, 213003.OF, 398061.OF, 090015.OF, 110025.OF, 660010.OF, 240022.OF, 530003.OF, 320007.OF, 540010.OF, 270021.OF, 610007.OF, 270001.OF, 320003.OF, 161903.OF, 202005.OF, 320005.OF, 080001.OF, 340007.OF, 460009.OF, 050001.OF, 100020.OF, 519979.OF, 050201.OF, 481017.OF, 519026.OF, 020005.OF]"
2014-07-31 00:00:00.005,"[550002.OF, 260101.OF, 519694.OF, 519005.OF, 360016.OF, 450011.OF, 090007.OF, 206002.OF, 590005.OF, 519668.OF, 519013.OF, 161810.OF, 519672.OF, 070032.OF, 165508.OF, 360005.OF, 165516.OF, 360006.OF, 000021.OF, 530006.OF, 180010.OF, 200008.OF, 100026.OF, 620004.OF, 270002.OF, 202011.OF, 151001.OF, 519099.OF, 519692.OF, 519018.OF, 020010.OF, 160605.OF, 121002.OF, 550003.OF, 519702.OF, 550001.OF, 360007.OF, 040008.OF, 040005.OF, 165512.OF, 519008.OF, 160127.OF]","[730001.OF, 121008.OF, 483003.OF, 213003.OF, 070010.OF, 580003.OF, 202007.OF, 519994.OF, 162201.OF, 166006.OF, 340007.OF, 161005.OF, 481006.OF, 398061.OF, 080012.OF, 080001.OF, 700003.OF, 660015.OF, 530003.OF, 090015.OF, 660010.OF, 202005.OF, 240022.OF, 110025.OF, 210003.OF, 530019.OF, 020005.OF, 519979.OF, 460009.OF, 050001.OF, 020015.OF, 050201.OF, 050010.OF, 481017.OF, 100020.OF, 320001.OF, 610007.OF, 519035.OF, 162207.OF, 320003.OF, 450007.OF, 166011.OF]"
2014-08-29 00:00:00.005,"[165516.OF, 519115.OF, 002001.OF, 161810.OF, 270005.OF, 202011.OF, 180010.OF, 360005.OF, 020023.OF, 270008.OF, 165508.OF, 519005.OF, 070032.OF, 020010.OF, 160311.OF, 000011.OF, 519013.OF, 519001.OF, 200008.OF, 160610.OF, 163406.OF, 160605.OF, 000061.OF, 360007.OF, 550003.OF, 519099.OF, 288002.OF, 090016.OF, 270007.OF, 110011.OF, 450011.OF, 360016.OF, 260101.OF, 040008.OF, 519702.OF, 040005.OF, 000021.OF, 550001.OF, 519018.OF, 519008.OF, 165512.OF, 160127.OF]","[070010.OF, 730001.OF, 121008.OF, 213003.OF, 233015.OF, 340007.OF, 660015.OF, 166006.OF, 080001.OF, 320003.OF, 530019.OF, 163415.OF, 398001.OF, 700003.OF, 040035.OF, 090015.OF, 398061.OF, 020015.OF, 370024.OF, 320001.OF, 080012.OF, 166011.OF, 202007.OF, 610007.OF, 163822.OF, 180031.OF, 162207.OF, 519679.OF, 590002.OF, 213002.OF, 671010.OF, 519039.OF, 540007.OF, 580008.OF, 379010.OF, 360010.OF, 240022.OF, 161605.OF, 690004.OF, 410003.OF, 206012.OF, 040025.OF]"
2014-09-30 00:00:00.005,"[040005.OF, 002011.OF, 519670.OF, 481015.OF, 020010.OF, 217005.OF, 260104.OF, 161810.OF, 260101.OF, 260109.OF, 240010.OF, 233006.OF, 233007.OF, 163110.OF, 620004.OF, 550003.OF, 481004.OF, 206009.OF, 162605.OF, 180010.OF, 519008.OF, 165508.OF, 590008.OF, 257070.OF, 240017.OF, 270007.OF, 398011.OF, 233001.OF, 519005.OF, 519018.OF, 360012.OF, 165516.OF, 630001.OF, 519013.OF, 519115.OF, 630006.OF, 519672.OF, 040008.OF, 165512.OF, 519702.OF, 000021.OF, 270008.OF]","[121008.OF, 166006.OF, 730001.OF, 070010.OF, 202005.OF, 519994.OF, 519983.OF, 213002.OF, 270001.OF, 210003.OF, 213003.OF, 580006.OF, 050010.OF, 320003.OF, 240022.OF, 160916.OF, 020015.OF, 400007.OF, 020005.OF, 202007.OF, 530003.OF, 180031.OF, 660015.OF, 040035.OF, 110022.OF, 519021.OF, 320011.OF, 481006.OF, 233015.OF, 160910.OF, 530011.OF, 050001.OF, 310328.OF, 160607.OF, 080001.OF, 070027.OF, 162207.OF, 483003.OF, 688888.OF, 050201.OF, 460002.OF, 110025.OF]"
2014-10-31 00:00:00.005,"[257070.OF, 002011.OF, 050004.OF, 290004.OF, 450011.OF, 020009.OF, 519115.OF, 202011.OF, 519672.OF, 519150.OF, 100026.OF, 550002.OF, 206009.OF, 270008.OF, 217005.OF, 180010.OF, 257050.OF, 519987.OF, 360006.OF, 000021.OF, 519001.OF, 000061.OF, 519005.OF, 165512.OF, 360007.OF, 519013.OF, 020003.OF, 110009.OF, 163406.OF, 630006.OF, 519018.OF, 519702.OF, 400003.OF, 020010.OF, 160127.OF, 020023.OF, 630001.OF, 519099.OF, 481004.OF, 550001.OF, 040005.OF, 040008.OF, 519008.OF]","[730001.OF, 166011.OF, 519983.OF, 166006.OF, 070010.OF, 410003.OF, 050007.OF, 090015.OF, 200006.OF, 020015.OF, 080012.OF, 000039.OF, 162207.OF, 660015.OF, 121008.OF, 290014.OF, 260112.OF, 161605.OF, 340007.OF, 320003.OF, 270050.OF, 213002.OF, 519021.OF, 360010.OF, 270021.OF, 398061.OF, 110022.OF, 080001.OF, 700003.OF, 162214.OF, 320005.OF, 690004.OF, 540010.OF, 110001.OF, 410001.OF, 166801.OF, 320001.OF, 260116.OF, 206007.OF, 519704.OF, 040025.OF, 519026.OF, 320011.OF]"
2014-11-28 00:00:00.005,"[481015.OF, 550003.OF, 217005.OF, 257050.OF, 360006.OF, 160215.OF, 161810.OF, 530006.OF, 373010.OF, 270008.OF, 110013.OF, 090016.OF, 040005.OF, 519005.OF, 360012.OF, 519115.OF, 100016.OF, 151001.OF, 377020.OF, 550001.OF, 165512.OF, 233006.OF, 163406.OF, 160127.OF, 020010.OF, 110009.OF, 470008.OF, 257070.OF, 000020.OF, 180001.OF, 519702.OF, 630001.OF, 519996.OF, 519013.OF, 040008.OF, 519018.OF, 630006.OF, 481004.OF, 020023.OF, 400003.OF, 020003.OF, 519099.OF, 519008.OF]","[519087.OF, 730001.OF, 519093.OF, 519983.OF, 320011.OF, 070010.OF, 166011.OF, 050007.OF, 410003.OF, 560003.OF, 688888.OF, 162207.OF, 166006.OF, 519994.OF, 163415.OF, 050010.OF, 090015.OF, 160607.OF, 290014.OF, 000039.OF, 240022.OF, 166801.OF, 202005.OF, 217010.OF, 400007.OF, 270050.OF, 080012.OF, 420005.OF, 213002.OF, 100060.OF, 660015.OF, 121008.OF, 260112.OF, 320003.OF, 320005.OF, 110022.OF, 206007.OF, 270021.OF, 200006.OF, 162214.OF, 180012.OF, 519704.OF, 540006.OF]"
2014-12-31 00:00:00.005,"[481013.OF, 373010.OF, 110013.OF, 240011.OF, 161610.OF, 580003.OF, 377020.OF, 257050.OF, 519692.OF, 630011.OF, 630001.OF, 360012.OF, 257070.OF, 519089.OF, 340006.OF, 519668.OF, 233009.OF, 519679.OF, 080005.OF, 519670.OF, 519018.OF, 020023.OF, 240005.OF, 180001.OF, 400003.OF, 233001.OF, 040008.OF, 161605.OF, 233006.OF, 020010.OF, 630006.OF, 481010.OF, 110009.OF, 260116.OF, 519008.OF, 020003.OF, 000020.OF, 519702.OF, 620001.OF, 398001.OF, 481004.OF, 519095.OF, 519099.OF]","[519087.OF, 519093.OF, 121008.OF, 160607.OF, 240022.OF, 519994.OF, 166006.OF, 420005.OF, 688888.OF, 110022.OF, 163415.OF, 050010.OF, 000039.OF, 202005.OF, 519002.OF, 160910.OF, 320011.OF, 660015.OF, 100039.OF, 460009.OF, 580006.OF, 399011.OF, 090015.OF, 112002.OF, 162203.OF, 270001.OF, 110002.OF, 540006.OF, 160505.OF, 162214.OF, 202007.OF, 360010.OF, 213002.OF, 470098.OF, 210003.OF, 217012.OF, 400007.OF, 270050.OF, 200006.OF, 360007.OF, 206007.OF, 162201.OF, 377010.OF]"
2015-01-30 00:00:00.005,"[020005.OF, 450007.OF, 020023.OF, 240005.OF, 519670.OF, 162202.OF, 000017.OF, 519674.OF, 233007.OF, 519993.OF, 160106.OF, 700003.OF, 481004.OF, 020010.OF, 519692.OF, 519018.OF, 519099.OF, 630011.OF, 519672.OF, 260108.OF, 040008.OF, 519095.OF, 260104.OF, 260115.OF, 260109.OF, 257030.OF, 630006.OF, 400003.OF, 320007.OF, 630001.OF, 180001.OF, 020003.OF, 257050.OF, 400011.OF, 260116.OF, 519688.OF, 000020.OF, 620001.OF, 233006.OF, 233001.OF, 519008.OF, 398001.OF, 519702.OF]","[240022.OF, 519087.OF, 519093.OF, 519994.OF, 217012.OF, 160607.OF, 217010.OF, 360010.OF, 420005.OF, 121008.OF, 090015.OF, 121002.OF, 050007.OF, 050010.OF, 530003.OF, 580006.OF, 540006.OF, 162214.OF, 160613.OF, 166006.OF, 162207.OF, 519704.OF, 320011.OF, 161706.OF, 570001.OF, 210003.OF, 110022.OF, 000057.OF, 180013.OF, 590001.OF, 481013.OF, 519150.OF, 398041.OF, 570005.OF, 080001.OF, 112002.OF, 213003.OF, 110002.OF, 050026.OF, 630010.OF, 162203.OF, 160916.OF, 379010.OF]"
2015-02-27 00:00:00.005,"[040007.OF, 000020.OF, 160106.OF, 090003.OF, 020010.OF, 410009.OF, 550001.OF, 620001.OF, 110009.OF, 630001.OF, 270008.OF, 161810.OF, 040008.OF, 519674.OF, 100056.OF, 290004.OF, 000017.OF, 519692.OF, 166001.OF, 530006.OF, 400011.OF, 470008.OF, 320005.OF, 100020.OF, 161610.OF, 519672.OF, 519018.OF, 320007.OF, 000127.OF, 180001.OF, 161005.OF, 020003.OF, 260116.OF, 398001.OF, 519688.OF, 400003.OF, 630006.OF, 519095.OF, 481004.OF, 233006.OF, 519702.OF, 233001.OF, 519008.OF, 519099.OF]","[240022.OF, 540006.OF, 217010.OF, 360010.OF, 110022.OF, 121002.OF, 420005.OF, 519087.OF, 160607.OF, 121008.OF, 519093.OF, 163415.OF, 160613.OF, 217012.OF, 100060.OF, 090015.OF, 166006.OF, 050010.OF, 180013.OF, 519026.OF, 519033.OF, 530003.OF, 519994.OF, 360007.OF, 162207.OF, 620005.OF, 320011.OF, 110002.OF, 070003.OF, 112002.OF, 160611.OF, 210009.OF, 110005.OF, 202005.OF, 260117.OF, 519150.OF, 163110.OF, 161706.OF, 000057.OF, 590005.OF, 660015.OF, 519704.OF, 217013.OF, 540007.OF]"
2015-03-31 00:00:00.005,"[020003.OF, 398011.OF, 206012.OF, 519089.OF, 000017.OF, 166001.OF, 700003.OF, 162703.OF, 483003.OF, 481001.OF, 163409.OF, 519018.OF, 630011.OF, 630001.OF, 257030.OF, 161810.OF, 519670.OF, 200008.OF, 110009.OF, 020010.OF, 233009.OF, 519692.OF, 519095.OF, 040004.OF, 410009.OF, 040008.OF, 100020.OF, 161005.OF, 481010.OF, 481004.OF, 260116.OF, 630006.OF, 240005.OF, 240011.OF, 233006.OF, 519008.OF, 160106.OF, 257050.OF, 580003.OF, 398021.OF, 210004.OF, 233001.OF, 257010.OF, 519099.OF]","[161903.OF, 270001.OF, 519185.OF, 166006.OF, 519087.OF, 121008.OF, 420005.OF, 121002.OF, 519093.OF, 360010.OF, 110022.OF, 660010.OF, 000057.OF, 110005.OF, 090015.OF, 210003.OF, 460009.OF, 162214.OF, 660001.OF, 160512.OF, 320016.OF, 540006.OF, 202007.OF, 161706.OF, 519026.OF, 160603.OF, 400007.OF, 519996.OF, 160505.OF, 163415.OF, 210009.OF, 180013.OF, 620006.OF, 160607.OF, 519987.OF, 217001.OF, 110002.OF, 519033.OF, 200006.OF, 070010.OF, 217013.OF, 217010.OF, 210005.OF, 519181.OF]"
2015-04-30 00:00:00.005,"[370024.OF, 020023.OF, 519089.OF, 519688.OF, 162703.OF, 519025.OF, 519018.OF, 166801.OF, 260116.OF, 519005.OF, 450002.OF, 519692.OF, 233009.OF, 560003.OF, 410009.OF, 450007.OF, 020010.OF, 050004.OF, 690003.OF, 257010.OF, 481004.OF, 519099.OF, 100020.OF, 519095.OF, 410001.OF, 398021.OF, 483003.OF, 000017.OF, 257050.OF, 519008.OF, 161005.OF, 161810.OF, 100022.OF, 260115.OF, 450011.OF, 110009.OF, 202001.OF, 202002.OF, 481017.OF, 240005.OF, 040004.OF, 270008.OF, 210004.OF, 240011.OF]","[270001.OF, 000057.OF, 166006.OF, 161903.OF, 121008.OF, 360010.OF, 121002.OF, 110022.OF, 070010.OF, 090015.OF, 050026.OF, 460009.OF, 162201.OF, 161609.OF, 050007.OF, 519185.OF, 213003.OF, 160512.OF, 420005.OF, 240022.OF, 690007.OF, 162214.OF, 166011.OF, 519039.OF, 213002.OF, 270021.OF, 620006.OF, 217001.OF, 163412.OF, 400007.OF, 519727.OF, 519033.OF, 180013.OF, 519994.OF, 110005.OF, 730002.OF, 160607.OF, 519996.OF, 730001.OF, 519087.OF, 160505.OF, 660010.OF, 206002.OF, 000039.OF]"
2015-05-29 00:00:00.005,"[310368.OF, 550003.OF, 481004.OF, 410009.OF, 530006.OF, 410001.OF, 240011.OF, 377530.OF, 090004.OF, 270008.OF, 400003.OF, 202019.OF, 519688.OF, 570005.OF, 610005.OF, 519095.OF, 161610.OF, 519018.OF, 020003.OF, 100056.OF, 370024.OF, 519008.OF, 180001.OF, 110009.OF, 519692.OF, 270006.OF, 483003.OF, 373010.OF, 166009.OF, 290004.OF, 162202.OF, 550001.OF, 100016.OF, 519099.OF, 398021.OF, 519702.OF, 519069.OF, 163803.OF, 166801.OF, 450011.OF, 166005.OF, 202009.OF, 519005.OF, 481017.OF, 070017.OF]","[200012.OF, 050026.OF, 163412.OF, 270050.OF, 100060.OF, 270021.OF, 161609.OF, 180013.OF, 162214.OF, 213003.OF, 110022.OF, 270001.OF, 519039.OF, 519185.OF, 160607.OF, 519727.OF, 206002.OF, 162207.OF, 000057.OF, 217001.OF, 121002.OF, 161903.OF, 165508.OF, 206007.OF, 200006.OF, 100039.OF, 519033.OF, 210003.OF, 540007.OF, 040016.OF, 090015.OF, 470006.OF, 166011.OF, 110005.OF, 161605.OF, 040001.OF, 166006.OF, 206009.OF, 163302.OF, 090018.OF, 270041.OF, 540006.OF, 217013.OF, 360010.OF, 162201.OF]"
2015-06-30 00:00:00.005,"[257070.OF, 519008.OF, 000020.OF, 166009.OF, 070099.OF, 519097.OF, 110029.OF, 100056.OF, 377530.OF, 590005.OF, 162703.OF, 240009.OF, 270008.OF, 481004.OF, 161005.OF, 481017.OF, 240011.OF, 370024.OF, 180001.OF, 530006.OF, 260115.OF, 166005.OF, 110009.OF, 519069.OF, 270006.OF, 519095.OF, 398021.OF, 450007.OF, 161610.OF, 166801.OF, 290004.OF, 373010.OF, 210004.OF, 519005.OF, 450011.OF, 070006.OF, 519018.OF, 070017.OF, 400003.OF, 163803.OF, 162202.OF, 550001.OF, 100016.OF, 519099.OF, 270005.OF]","[110022.OF, 160607.OF, 180013.OF, 210003.OF, 200012.OF, 100060.OF, 206002.OF, 162102.OF, 160505.OF, 163412.OF, 519039.OF, 110005.OF, 161609.OF, 270021.OF, 050026.OF, 540007.OF, 070032.OF, 160910.OF, 165508.OF, 217001.OF, 481008.OF, 090001.OF, 050010.OF, 020005.OF, 160215.OF, 160611.OF, 519033.OF, 270050.OF, 020009.OF, 206009.OF, 040001.OF, 213003.OF, 270041.OF, 161903.OF, 690007.OF, 540006.OF, 420005.OF, 270001.OF, 161605.OF, 240022.OF, 040016.OF, 519185.OF, 000057.OF, 519994.OF, 110025.OF]"
2015-07-31 00:00:00.005,"[519732.OF, 165512.OF, 233015.OF, 260112.OF, 240009.OF, 202011.OF, 166801.OF, 320012.OF, 379010.OF, 519015.OF, 530001.OF, 002011.OF, 519097.OF, 270007.OF, 161810.OF, 090003.OF, 519011.OF, 260115.OF, 550003.OF, 050201.OF, 070099.OF, 530006.OF, 040004.OF, 310328.OF, 240011.OF, 360005.OF, 050004.OF, 162006.OF, 240005.OF, 519692.OF, 161601.OF, 270006.OF, 377530.OF, 270005.OF, 398021.OF, 450002.OF, 373010.OF, 163803.OF, 481017.OF, 570005.OF, 360006.OF, 450003.OF, 370024.OF, 070017.OF, 200010.OF]","[233011.OF, 000309.OF, 270001.OF, 180013.OF, 000220.OF, 610007.OF, 671010.OF, 630002.OF, 110005.OF, 110022.OF, 110011.OF, 213002.OF, 070032.OF, 233007.OF, 519056.OF, 002001.OF, 163412.OF, 620006.OF, 100060.OF, 360010.OF, 166006.OF, 162201.OF, 200012.OF, 260109.OF, 161609.OF, 002021.OF, 260104.OF, 160512.OF, 420003.OF, 519672.OF, 630010.OF, 210009.OF, 481008.OF, 740001.OF, 519115.OF, 519039.OF, 206007.OF, 165508.OF, 620008.OF, 162207.OF, 070010.OF, 160505.OF, 540006.OF, 260117.OF, 270050.OF]"
2015-08-31 00:00:00.005,"[000031.OF, 410009.OF, 690003.OF, 090004.OF, 398061.OF, 377150.OF, 233015.OF, 481017.OF, 560002.OF, 260115.OF, 040007.OF, 070017.OF, 162006.OF, 519021.OF, 519069.OF, 270006.OF, 570005.OF, 398021.OF, 530001.OF, 202011.OF, 165516.OF, 050004.OF, 040004.OF, 519702.OF, 270008.OF, 161601.OF, 121005.OF, 260112.OF, 163803.OF, 240011.OF, 100020.OF, 100022.OF, 000020.OF, 450003.OF, 090009.OF, 240005.OF, 519688.OF, 370024.OF, 660003.OF, 519694.OF, 398011.OF, 450002.OF, 519692.OF, 519015.OF, 550003.OF, 519011.OF]","[000309.OF, 620006.OF, 000220.OF, 270001.OF, 233011.OF, 180013.OF, 610007.OF, 620008.OF, 110022.OF, 110005.OF, 213002.OF, 110011.OF, 420005.OF, 671010.OF, 160512.OF, 519056.OF, 070032.OF, 400007.OF, 002001.OF, 100060.OF, 000471.OF, 240022.OF, 163412.OF, 620004.OF, 360010.OF, 270050.OF, 630002.OF, 070010.OF, 002021.OF, 540006.OF, 481008.OF, 620001.OF, 260109.OF, 162207.OF, 166006.OF, 260104.OF, 160505.OF, 420003.OF, 519983.OF, 233007.OF, 519672.OF, 000411.OF, 320011.OF, 320007.OF, 163503.OF, 519994.OF]"
2015-09-30 00:00:00.005,"[240010.OF, 090007.OF, 260115.OF, 000021.OF, 660005.OF, 410003.OF, 162209.OF, 660006.OF, 481017.OF, 165516.OF, 163818.OF, 530001.OF, 360006.OF, 160211.OF, 100022.OF, 160314.OF, 570008.OF, 070017.OF, 519688.OF, 050004.OF, 163803.OF, 161601.OF, 000020.OF, 000209.OF, 257020.OF, 080001.OF, 000031.OF, 002011.OF, 550003.OF, 240011.OF, 540008.OF, 450003.OF, 370024.OF, 519069.OF, 519015.OF, 040025.OF, 570005.OF, 270008.OF, 660003.OF, 202011.OF, 519692.OF, 040004.OF, 398011.OF, 519694.OF, 519011.OF, 240005.OF]","[000220.OF, 620006.OF, 270001.OF, 620008.OF, 000309.OF, 110011.OF, 110022.OF, 180013.OF, 110005.OF, 240022.OF, 620004.OF, 610007.OF, 100060.OF, 620001.OF, 233011.OF, 481008.OF, 540006.OF, 519056.OF, 630002.OF, 002001.OF, 070032.OF, 000411.OF, 310308.OF, 070003.OF, 671010.OF, 162207.OF, 160512.OF, 270050.OF, 165508.OF, 163503.OF, 310368.OF, 110002.OF, 160505.OF, 002021.OF, 420005.OF, 320011.OF, 213002.OF, 000251.OF, 180012.OF, 260109.OF, 206007.OF, 740001.OF, 470009.OF, 260104.OF, 110025.OF, 162214.OF]"
2015-10-30 00:00:00.005,"[660003.OF, 570008.OF, 160106.OF, 000021.OF, 519688.OF, 519678.OF, 050014.OF, 270005.OF, 410009.OF, 257020.OF, 519702.OF, 550003.OF, 000020.OF, 166011.OF, 233015.OF, 233001.OF, 000117.OF, 540008.OF, 570005.OF, 519692.OF, 050004.OF, 070017.OF, 160805.OF, 163803.OF, 310328.OF, 398011.OF, 519694.OF, 000031.OF, 260116.OF, 217009.OF, 163818.OF, 000209.OF, 370024.OF, 519015.OF, 002011.OF, 240011.OF, 398041.OF, 519089.OF, 519011.OF, 481001.OF, 450003.OF, 560002.OF, 080001.OF, 040004.OF, 202011.OF, 240005.OF]","[000220.OF, 620006.OF, 110011.OF, 000309.OF, 110022.OF, 180013.OF, 110005.OF, 233011.OF, 002001.OF, 610007.OF, 519056.OF, 162207.OF, 270001.OF, 620008.OF, 070032.OF, 671010.OF, 240022.OF, 630002.OF, 002021.OF, 481008.OF, 070003.OF, 540006.OF, 160505.OF, 310308.OF, 210003.OF, 160512.OF, 233007.OF, 180012.OF, 620001.OF, 206007.OF, 620004.OF, 450009.OF, 110025.OF, 110002.OF, 163503.OF, 260109.OF, 260104.OF, 112002.OF, 100026.OF, 200006.OF, 100060.OF, 100056.OF, 519672.OF, 360010.OF, 310388.OF, 000411.OF]"
2015-11-30 00:00:00.005,"[519694.OF, 163406.OF, 000209.OF, 540009.OF, 519018.OF, 233015.OF, 310328.OF, 050004.OF, 690005.OF, 519692.OF, 020023.OF, 540008.OF, 240004.OF, 240011.OF, 519670.OF, 000308.OF, 690004.OF, 688888.OF, 080001.OF, 257050.OF, 162209.OF, 483003.OF, 519015.OF, 450003.OF, 519001.OF, 398011.OF, 481001.OF, 160805.OF, 690003.OF, 660006.OF, 100022.OF, 040004.OF, 160311.OF, 570005.OF, 000532.OF, 002021.OF, 560002.OF, 002011.OF, 519011.OF, 020010.OF, 519033.OF, 519089.OF, 240005.OF, 163409.OF, 610001.OF, 202011.OF, 398041.OF]","[000220.OF, 620006.OF, 671010.OF, 620008.OF, 000309.OF, 163302.OF, 162207.OF, 620001.OF, 270001.OF, 160512.OF, 162214.OF, 519110.OF, 630002.OF, 233011.OF, 240022.OF, 210005.OF, 100056.OF, 206007.OF, 210003.OF, 450009.OF, 180013.OF, 200006.OF, 070003.OF, 100060.OF, 519056.OF, 163805.OF, 470098.OF, 233007.OF, 400007.OF, 162201.OF, 110011.OF, 270050.OF, 519185.OF, 161606.OF, 320011.OF, 630010.OF, 206002.OF, 165508.OF, 470009.OF, 420005.OF, 620004.OF, 370027.OF, 270028.OF, 376510.OF, 320016.OF, 610007.OF, 090016.OF]"
2015-12-31 00:00:00.005,"[360006.OF, 519158.OF, 166001.OF, 000532.OF, 240011.OF, 180010.OF, 257050.OF, 040008.OF, 690003.OF, 162209.OF, 240004.OF, 370024.OF, 540009.OF, 090007.OF, 688888.OF, 450003.OF, 050004.OF, 310328.OF, 270005.OF, 000308.OF, 519015.OF, 398011.OF, 100022.OF, 040004.OF, 519001.OF, 483003.OF, 540002.OF, 020010.OF, 160311.OF, 519033.OF, 002021.OF, 519011.OF, 481001.OF, 610001.OF, 560002.OF, 540008.OF, 217009.OF, 660006.OF, 398001.OF, 163409.OF, 160805.OF, 519089.OF, 002011.OF, 240005.OF, 570005.OF, 398041.OF, 202011.OF]","[000220.OF, 671010.OF, 620006.OF, 630002.OF, 519110.OF, 163302.OF, 270001.OF, 162207.OF, 620008.OF, 160512.OF, 630010.OF, 000309.OF, 470009.OF, 470098.OF, 110011.OF, 233011.OF, 240022.OF, 450009.OF, 000577.OF, 620001.OF, 400007.OF, 206007.OF, 180013.OF, 320016.OF, 202005.OF, 370027.OF, 070003.OF, 162214.OF, 200006.OF, 100056.OF, 000083.OF, 000251.OF, 376510.OF, 270050.OF, 210003.OF, 519983.OF, 660015.OF, 377240.OF, 110022.OF, 620004.OF, 290014.OF, 090016.OF, 320011.OF, 519672.OF, 000173.OF, 040020.OF, 519185.OF]"
2016-01-29 00:00:00.005,"[481006.OF, 360006.OF, 660006.OF, 090011.OF, 020015.OF, 519018.OF, 162208.OF, 519021.OF, 519011.OF, 257030.OF, 519069.OF, 540002.OF, 202011.OF, 260111.OF, 470028.OF, 660004.OF, 560002.OF, 270006.OF, 519665.OF, 050004.OF, 002021.OF, 540009.OF, 700003.OF, 020010.OF, 020023.OF, 240005.OF, 257020.OF, 481001.OF, 530006.OF, 519181.OF, 400011.OF, 373020.OF, 162209.OF, 610001.OF, 483003.OF, 398011.OF, 166006.OF, 519033.OF, 450003.OF, 161005.OF, 160106.OF, 240010.OF, 100022.OF, 690003.OF, 270008.OF, 163822.OF, 202002.OF, 202001.OF]","[000220.OF, 620006.OF, 240022.OF, 162207.OF, 519110.OF, 320011.OF, 000251.OF, 420005.OF, 671010.OF, 180013.OF, 163302.OF, 519994.OF, 206002.OF, 202005.OF, 630002.OF, 320016.OF, 620008.OF, 050010.OF, 160607.OF, 519983.OF, 217012.OF, 420003.OF, 360007.OF, 620004.OF, 050026.OF, 163805.OF, 470009.OF, 620001.OF, 590001.OF, 160512.OF, 161606.OF, 290014.OF, 161605.OF, 217010.OF, 121002.OF, 400007.OF, 270050.OF, 270028.OF, 110025.OF, 166005.OF, 100056.OF, 206009.OF, 620005.OF, 050018.OF, 376510.OF, 160603.OF, 000577.OF, 160613.OF]"
2016-02-29 00:00:00.005,"[519018.OF, 040007.OF, 240017.OF, 519097.OF, 202011.OF, 257020.OF, 519664.OF, 000532.OF, 000418.OF, 000294.OF, 160314.OF, 700003.OF, 377010.OF, 360012.OF, 530006.OF, 160105.OF, 610001.OF, 373020.OF, 483003.OF, 481001.OF, 519665.OF, 570005.OF, 020023.OF, 110015.OF, 100020.OF, 000020.OF, 660004.OF, 000586.OF, 519181.OF, 481006.OF, 080007.OF, 519008.OF, 000549.OF, 202003.OF, 360006.OF, 450003.OF, 690003.OF, 166006.OF, 162209.OF, 270008.OF, 240010.OF, 161005.OF, 260111.OF, 000551.OF, 100022.OF, 160106.OF, 202001.OF, 202002.OF]","[000220.OF, 671010.OF, 162207.OF, 519110.OF, 620006.OF, 320016.OF, 240022.OF, 320011.OF, 202005.OF, 290014.OF, 630011.OF, 161606.OF, 270050.OF, 270028.OF, 163302.OF, 630002.OF, 000251.OF, 620008.OF, 470009.OF, 270001.OF, 180013.OF, 162214.OF, 161605.OF, 310368.OF, 310308.OF, 400007.OF, 121002.OF, 100056.OF, 217012.OF, 620004.OF, 050010.OF, 090004.OF, 376510.OF, 320012.OF, 166005.OF, 165508.OF, 160607.OF, 519983.OF, 420005.OF, 620001.OF, 590005.OF, 163805.OF, 160512.OF, 420003.OF, 290004.OF, 217010.OF, 620005.OF, 210005.OF]"
2016-03-31 00:00:00.005,"[481006.OF, 519035.OF, 398001.OF, 360012.OF, 202011.OF, 160105.OF, 160605.OF, 519095.OF, 519158.OF, 000471.OF, 519017.OF, 202003.OF, 481017.OF, 481001.OF, 320001.OF, 000020.OF, 000011.OF, 180031.OF, 000117.OF, 163822.OF, 000551.OF, 450003.OF, 100022.OF, 360006.OF, 000001.OF, 519664.OF, 110015.OF, 040004.OF, 240017.OF, 070010.OF, 160314.OF, 483003.OF, 519665.OF, 160106.OF, 519089.OF, 000586.OF, 000532.OF, 519097.OF, 166006.OF, 000589.OF, 000418.OF, 373020.OF, 162208.OF, 240010.OF, 000549.OF, 260111.OF, 161005.OF, 202001.OF, 202002.OF]","[000220.OF, 671010.OF, 000688.OF, 162207.OF, 270050.OF, 620006.OF, 240022.OF, 165508.OF, 630011.OF, 560003.OF, 320016.OF, 161706.OF, 090004.OF, 320012.OF, 376510.OF, 270007.OF, 310308.OF, 217012.OF, 519110.OF, 270001.OF, 270028.OF, 320011.OF, 290014.OF, 163302.OF, 000577.OF, 161606.OF, 470009.OF, 166005.OF, 310368.OF, 180012.OF, 519994.OF, 161605.OF, 050018.OF, 420005.OF, 161609.OF, 420003.OF, 630002.OF, 519185.OF, 110025.OF, 202005.OF, 460007.OF, 519678.OF, 000251.OF, 160505.OF, 580006.OF, 162214.OF, 310358.OF, 620005.OF, 481013.OF]"
2016-04-29 00:00:00.005,"[070019.OF, 160105.OF, 000117.OF, 160605.OF, 519095.OF, 360012.OF, 320001.OF, 519158.OF, 040004.OF, 450003.OF, 160314.OF, 000471.OF, 000001.OF, 100022.OF, 360006.OF, 481006.OF, 000418.OF, 110015.OF, 450009.OF, 202003.OF, 270008.OF, 000011.OF, 160106.OF, 690003.OF, 483003.OF, 163822.OF, 000551.OF, 166006.OF, 519035.OF, 519664.OF, 240010.OF, 240017.OF, 000589.OF, 519017.OF, 110005.OF, 519089.OF, 519665.OF, 000532.OF, 000549.OF, 481001.OF, 070021.OF, 373020.OF, 162208.OF, 519097.OF, 161005.OF, 000586.OF, 260111.OF, 202001.OF, 202002.OF]","[000220.OF, 671010.OF, 162207.OF, 000688.OF, 000696.OF, 270050.OF, 240022.OF, 620006.OF, 560003.OF, 630011.OF, 270007.OF, 310308.OF, 165508.OF, 320012.OF, 090004.OF, 320016.OF, 519110.OF, 470009.OF, 217012.OF, 420003.OF, 420005.OF, 376510.OF, 000751.OF, 000577.OF, 270001.OF, 630002.OF, 050018.OF, 161706.OF, 310368.OF, 290014.OF, 180012.OF, 161606.OF, 270028.OF, 110025.OF, 519994.OF, 320011.OF, 202005.OF, 460007.OF, 161609.OF, 519678.OF, 160607.OF, 161605.OF, 310358.OF, 290004.OF, 580006.OF, 630006.OF, 519185.OF, 160512.OF, 050201.OF]"
2016-05-31 00:00:00.005,"[000471.OF, 160127.OF, 166801.OF, 240009.OF, 040020.OF, 000294.OF, 257070.OF, 610006.OF, 710001.OF, 260117.OF, 110005.OF, 450004.OF, 580002.OF, 360012.OF, 519035.OF, 100022.OF, 160105.OF, 000549.OF, 229002.OF, 162605.OF, 260115.OF, 070017.OF, 202009.OF, 519089.OF, 519002.OF, 000001.OF, 161005.OF, 483003.OF, 519115.OF, 270008.OF, 519017.OF, 000586.OF, 270006.OF, 240017.OF, 570008.OF, 360006.OF, 519664.OF, 000532.OF, 400003.OF, 070006.OF, 519665.OF, 110015.OF, 519097.OF, 162208.OF, 070010.OF, 000117.OF, 070021.OF, 519095.OF, 202001.OF, 202002.OF]","[000220.OF, 270050.OF, 162207.OF, 671010.OF, 376510.OF, 000688.OF, 000696.OF, 090004.OF, 740001.OF, 630011.OF, 519039.OF, 180013.OF, 270007.OF, 290014.OF, 310308.OF, 240022.OF, 166005.OF, 590002.OF, 270002.OF, 481013.OF, 161606.OF, 050201.OF, 320012.OF, 165508.OF, 320016.OF, 000127.OF, 550009.OF, 050001.OF, 161706.OF, 233001.OF, 620006.OF, 320011.OF, 420003.OF, 290004.OF, 519110.OF, 163805.OF, 161605.OF, 610007.OF, 540006.OF, 530011.OF, 165310.OF, 121002.OF, 470009.OF, 530005.OF, 161609.OF, 000780.OF, 070013.OF, 233015.OF, 378010.OF, 121005.OF]"
2016-06-30 00:00:00.005,"[519018.OF, 040025.OF, 000831.OF, 373020.OF, 166006.OF, 202001.OF, 090013.OF, 270005.OF, 202002.OF, 519688.OF, 162605.OF, 000117.OF, 000409.OF, 110029.OF, 519181.OF, 580002.OF, 090015.OF, 210008.OF, 000550.OF, 160610.OF, 481004.OF, 166801.OF, 483003.OF, 160314.OF, 162703.OF, 398001.OF, 260116.OF, 163822.OF, 080007.OF, 110015.OF, 020001.OF, 400003.OF, 180031.OF, 290002.OF, 260101.OF, 000001.OF, 070017.OF, 240011.OF, 379010.OF, 710001.OF, 360006.OF, 450004.OF, 070010.OF, 460001.OF, 377010.OF, 360012.OF, 570008.OF, 151001.OF, 260115.OF, 519017.OF]","[000220.OF, 000688.OF, 000696.OF, 376510.OF, 671010.OF, 162207.OF, 270050.OF, 240022.OF, 000828.OF, 110025.OF, 180013.OF, 740001.OF, 630011.OF, 090004.OF, 270007.OF, 519039.OF, 162202.OF, 590002.OF, 620006.OF, 481013.OF, 540006.OF, 000746.OF, 000751.OF, 050201.OF, 180012.OF, 161706.OF, 165508.OF, 320012.OF, 290014.OF, 000800.OF, 320011.OF, 000780.OF, 161609.OF, 050001.OF, 233001.OF, 270002.OF, 000756.OF, 400007.OF, 530011.OF, 620004.OF, 560003.OF, 000761.OF, 100060.OF, 090018.OF, 160910.OF, 160133.OF, 166005.OF, 460002.OF, 320016.OF, 610007.OF]"
2016-07-29 00:00:00.005,"[450003.OF, 090015.OF, 660005.OF, 519688.OF, 000011.OF, 100020.OF, 100026.OF, 519668.OF, 202003.OF, 260116.OF, 660012.OF, 000549.OF, 590001.OF, 550003.OF, 166011.OF, 000831.OF, 151001.OF, 000432.OF, 160314.OF, 162607.OF, 481006.OF, 610004.OF, 377020.OF, 180031.OF, 000547.OF, 260115.OF, 240008.OF, 373020.OF, 540010.OF, 375010.OF, 000592.OF, 210008.OF, 040008.OF, 360012.OF, 519021.OF, 377010.OF, 020001.OF, 240005.OF, 377240.OF, 206009.OF, 080007.OF, 481004.OF, 020026.OF, 160610.OF, 162703.OF, 240011.OF, 000457.OF, 110015.OF, 460001.OF, 260101.OF, 379010.OF]","[000220.OF, 000696.OF, 000688.OF, 000828.OF, 320016.OF, 620006.OF, 240022.OF, 400007.OF, 610007.OF, 519110.OF, 110025.OF, 450011.OF, 530011.OF, 519672.OF, 519915.OF, 620008.OF, 519099.OF, 620004.OF, 180012.OF, 000800.OF, 000854.OF, 560003.OF, 320012.OF, 160910.OF, 000751.OF, 162202.OF, 161706.OF, 000803.OF, 320011.OF, 420003.OF, 671010.OF, 540006.OF, 000173.OF, 310368.OF, 620001.OF, 630006.OF, 376510.OF, 270028.OF, 570001.OF, 050201.OF, 530003.OF, 270001.OF, 519994.OF, 162207.OF, 165508.OF, 080012.OF, 630002.OF, 160505.OF, 162214.OF, 420005.OF, 519987.OF]"
2016-08-31 00:00:00.005,"[100020.OF, 257030.OF, 070019.OF, 160211.OF, 000308.OF, 163818.OF, 000549.OF, 379010.OF, 090015.OF, 166011.OF, 519011.OF, 100026.OF, 481004.OF, 450003.OF, 610004.OF, 202011.OF, 000057.OF, 481015.OF, 000513.OF, 202003.OF, 373020.OF, 519015.OF, 260110.OF, 000592.OF, 240011.OF, 000339.OF, 375010.OF, 161810.OF, 160212.OF, 020015.OF, 162607.OF, 519668.OF, 080007.OF, 519021.OF, 377010.OF, 630001.OF, 530019.OF, 000432.OF, 257010.OF, 020026.OF, 160215.OF, 020010.OF, 240005.OF, 040008.OF, 160610.OF, 090009.OF, 180031.OF, 162102.OF, 260101.OF, 460001.OF, 240008.OF]","[000828.OF, 320016.OF, 240022.OF, 000688.OF, 000696.OF, 000220.OF, 519915.OF, 110025.OF, 519110.OF, 610007.OF, 530011.OF, 000751.OF, 450011.OF, 519099.OF, 620006.OF, 400007.OF, 000800.OF, 620004.OF, 270001.OF, 519996.OF, 519994.OF, 000854.OF, 270028.OF, 050018.OF, 630002.OF, 080012.OF, 519678.OF, 620008.OF, 000803.OF, 519672.OF, 210004.OF, 110023.OF, 560003.OF, 630006.OF, 420003.OF, 160910.OF, 519005.OF, 161610.OF, 217010.OF, 610005.OF, 540006.OF, 000780.OF, 160512.OF, 519093.OF, 000761.OF, 320011.OF, 000354.OF, 165508.OF, 671010.OF, 570001.OF, 000697.OF]"
2016-09-30 00:00:00.005,"[151001.OF, 519011.OF, 000308.OF, 020010.OF, 163818.OF, 540008.OF, 000432.OF, 481015.OF, 375010.OF, 000057.OF, 110015.OF, 450003.OF, 090009.OF, 000547.OF, 519015.OF, 000457.OF, 373020.OF, 000577.OF, 160215.OF, 000039.OF, 370024.OF, 020015.OF, 610004.OF, 090015.OF, 260110.OF, 161810.OF, 162607.OF, 166011.OF, 206009.OF, 000592.OF, 519021.OF, 202011.OF, 481004.OF, 257010.OF, 202003.OF, 530019.OF, 180031.OF, 377530.OF, 260101.OF, 310328.OF, 373010.OF, 240011.OF, 020001.OF, 162102.OF, 160610.OF, 080007.OF, 379010.OF, 020026.OF, 040008.OF, 460001.OF, 240008.OF, 240005.OF]","[000828.OF, 320016.OF, 000309.OF, 240022.OF, 000696.OF, 519110.OF, 530011.OF, 519678.OF, 671010.OF, 000220.OF, 450011.OF, 519099.OF, 630002.OF, 110023.OF, 110025.OF, 610007.OF, 320011.OF, 270050.OF, 400007.OF, 620006.OF, 070022.OF, 620004.OF, 000688.OF, 210004.OF, 160512.OF, 233007.OF, 160607.OF, 121002.OF, 180001.OF, 000800.OF, 630010.OF, 206012.OF, 560003.OF, 000418.OF, 310308.OF, 233011.OF, 519672.OF, 530003.OF, 161610.OF, 000083.OF, 470009.OF, 000803.OF, 630006.OF, 270028.OF, 217010.OF, 519087.OF, 160910.OF, 420003.OF, 519093.OF, 570001.OF, 610005.OF, 000251.OF]"
2016-10-31 00:00:00.005,"[163818.OF, 257030.OF, 161903.OF, 450003.OF, 000039.OF, 310328.OF, 000513.OF, 100020.OF, 000057.OF, 373020.OF, 000577.OF, 519692.OF, 519688.OF, 100026.OF, 160215.OF, 590001.OF, 110015.OF, 481004.OF, 162703.OF, 070019.OF, 000831.OF, 260101.OF, 377530.OF, 166001.OF, 160610.OF, 202007.OF, 090009.OF, 240011.OF, 000592.OF, 020001.OF, 260110.OF, 257010.OF, 040008.OF, 161810.OF, 020026.OF, 630001.OF, 460001.OF, 162607.OF, 373010.OF, 530019.OF, 206009.OF, 202003.OF, 020015.OF, 377010.OF, 000457.OF, 180031.OF, 080007.OF, 519021.OF, 162102.OF, 240008.OF, 379010.OF, 240005.OF]","[000828.OF, 000696.OF, 320011.OF, 000220.OF, 000688.OF, 620006.OF, 240022.OF, 530011.OF, 000309.OF, 671010.OF, 620004.OF, 400007.OF, 121002.OF, 519087.OF, 000251.OF, 000800.OF, 320016.OF, 000083.OF, 000803.OF, 217010.OF, 160607.OF, 620008.OF, 519093.OF, 540006.OF, 000916.OF, 560003.OF, 420003.OF, 519678.OF, 519110.OF, 550002.OF, 470009.OF, 163503.OF, 160910.OF, 530003.OF, 519712.OF, 450011.OF, 202005.OF, 233007.OF, 110025.OF, 000172.OF, 050010.OF, 620001.OF, 519099.OF, 080012.OF, 233011.OF, 620005.OF, 570001.OF, 163415.OF, 610005.OF, 000946.OF, 270050.OF, 000945.OF]"
2016-11-30 00:00:00.005,"[000057.OF, 320001.OF, 270005.OF, 450007.OF, 040004.OF, 000756.OF, 161810.OF, 166801.OF, 163818.OF, 000263.OF, 519021.OF, 257010.OF, 090016.OF, 519158.OF, 151001.OF, 213003.OF, 163822.OF, 000082.OF, 202003.OF, 161903.OF, 519668.OF, 550003.OF, 160311.OF, 162703.OF, 519069.OF, 240008.OF, 000831.OF, 162006.OF, 000780.OF, 257030.OF, 166011.OF, 240005.OF, 730002.OF, 165512.OF, 377530.OF, 260115.OF, 166001.OF, 210003.OF, 206009.OF, 519692.OF, 373010.OF, 000339.OF, 530019.OF, 379010.OF, 162102.OF, 020010.OF, 310328.OF, 630001.OF, 519727.OF, 360006.OF, 090009.OF, 375010.OF, 180031.OF, 080007.OF]","[000940.OF, 000828.OF, 000916.OF, 000220.OF, 100016.OF, 121002.OF, 320016.OF, 000083.OF, 121005.OF, 000173.OF, 519110.OF, 470009.OF, 519915.OF, 519099.OF, 233007.OF, 519678.OF, 000309.OF, 233011.OF, 163503.OF, 671010.OF, 090018.OF, 610005.OF, 110025.OF, 110023.OF, 630002.OF, 050001.OF, 519068.OF, 050201.OF, 320012.OF, 000017.OF, 290011.OF, 000418.OF, 000803.OF, 530011.OF, 180012.OF, 630010.OF, 162209.OF, 519039.OF, 270028.OF, 210008.OF, 620006.OF, 519008.OF, 000946.OF, 206012.OF, 519013.OF, 240022.OF, 450011.OF, 070011.OF, 000945.OF, 161611.OF, 020023.OF, 610007.OF, 620008.OF, 290006.OF]"
2016-12-30 00:00:00.005,"[210003.OF, 000263.OF, 040035.OF, 163805.OF, 162203.OF, 040008.OF, 217005.OF, 000592.OF, 460002.OF, 162102.OF, 240004.OF, 050018.OF, 000339.OF, 000591.OF, 519158.OF, 020009.OF, 270005.OF, 481006.OF, 290014.OF, 550003.OF, 398001.OF, 257010.OF, 000780.OF, 000082.OF, 519056.OF, 161706.OF, 270021.OF, 163822.OF, 519979.OF, 000601.OF, 240005.OF, 000803.OF, 160311.OF, 379010.OF, 270050.OF, 162703.OF, 530019.OF, 377530.OF, 213003.OF, 151001.OF, 090009.OF, 519727.OF, 020010.OF, 375010.OF, 161903.OF, 519069.OF, 580008.OF, 730002.OF, 519668.OF, 519692.OF, 360006.OF, 310328.OF, 180031.OF, 530003.OF, 080007.OF]","[000979.OF, 000940.OF, 610005.OF, 000220.OF, 121002.OF, 121005.OF, 519915.OF, 100016.OF, 620006.OF, 320016.OF, 610007.OF, 519099.OF, 020023.OF, 519110.OF, 161611.OF, 000916.OF, 320012.OF, 001163.OF, 671010.OF, 162209.OF, 001167.OF, 000418.OF, 070022.OF, 233011.OF, 165313.OF, 519678.OF, 001039.OF, 000083.OF, 001236.OF, 257050.OF, 162207.OF, 550002.OF, 110023.OF, 519712.OF, 001349.OF, 519013.OF, 519698.OF, 560002.OF, 210004.OF, 340007.OF, 000828.OF, 320011.OF, 000457.OF, 110025.OF, 450011.OF, 000971.OF, 620008.OF, 206012.OF, 080012.OF, 090018.OF, 000589.OF, 000309.OF, 160512.OF, 519975.OF, 630010.OF]"
